MemberReference 0.144442 -0.304662 -0.431681 0.242384 0.173154 -0.259091 0.235526 -0.249651 0.043701 -0.055779 0.767002 -0.369102 -0.926287 0.751014 -0.116254 -0.018399 0.272308 0.317104 0.250426 -0.047845 0.436309 -0.324102 0.478526 0.139590 0.577152 0.945067 -0.268217 -0.265317 -0.234362 0.395468 0.258557 0.677195 0.002668 0.265149 -0.364243 0.700880 0.073209 -0.024520 -0.003444 -0.058761
MethodInvocation -0.322229 0.349036 0.310877 0.329124 -0.257800 -0.886609 -0.113934 -0.444237 -0.067324 0.344341 -0.330152 -0.182808 -1.481781 -0.608627 0.052384 0.573174 -0.965779 -0.199664 -0.071693 -0.645909 0.210113 -0.071881 0.088800 0.510030 0.528041 -0.044006 -0.761588 0.422635 -0.535151 -0.209570 0.323541 0.144013 0.063033 0.418858 -0.026016 -0.034367 -0.170748 0.519282 -0.432625 0.081332
Literal 0.591254 0.775556 0.239535 0.051780 0.256982 -0.179983 0.173841 -0.559288 0.060597 -0.250080 -0.119564 0.044563 -0.606790 0.306476 0.085547 -0.168576 -0.680271 0.149401 0.119439 -0.348519 -0.315019 0.506105 -0.260672 0.559328 -0.008983 -1.145549 -0.045338 0.352184 -0.452319 -0.913813 0.500856 0.532980 0.614068 0.267972 -0.618076 -0.116727 0.251880 -0.026681 0.264908 -0.425897
ReferenceType -0.603888 -0.413776 0.296550 0.028709 -0.802811 -0.137361 0.008458 -0.585811 0.644298 0.842241 -0.520014 -0.652966 -1.727879 -0.357502 -0.806921 -0.192609 -0.782879 -0.011395 0.135416 -0.311823 0.314330 0.205688 1.029987 0.205645 -0.578476 -0.909220 -0.950462 -0.137300 -0.380811 -0.873237 -0.132247 0.441581 0.456068 -0.465864 0.745428 -0.081530 -0.140748 -0.462845 -0.828045 0.052358
StatementExpression 0.186369 -0.151204 0.438048 0.382979 -0.268913 -0.639185 -0.429213 -0.722614 0.167850 -0.161516 0.413321 -0.284288 -0.612873 0.402394 -0.220413 0.602752 0.319895 0.898894 -0.259468 0.299608 0.328974 -0.446745 0.017325 -0.019445 0.732299 0.346279 -0.168719 0.382038 -0.496746 -0.090624 0.263955 0.238518 -0.366032 0.074566 -0.558901 0.989102 0.187314 -0.105637 -0.411220 0.416986
BinaryOperation 0.158590 0.598665 -0.947596 0.195334 0.450312 0.857394 0.994150 -0.127831 0.038699 0.272828 0.254221 -0.095910 -0.623423 -0.543377 0.899807 0.050052 0.092257 -0.913487 0.783944 -0.978575 0.132920 0.178106 -0.314655 -0.184321 0.981810 0.268753 -0.158907 -0.608334 -0.477242 0.059400 0.523693 0.888308 0.561908 0.968689 0.065111 0.037945 0.229219 1.093297 0.319936 -0.433734
VariableDeclarator -0.077902 -0.160500 0.339660 0.075977 -0.475107 0.599406 0.004245 -0.036881 0.564291 0.713408 -0.493168 0.129891 -1.150531 -0.020700 -0.006959 0.007746 -0.528270 -0.082868 -0.077240 -0.556368 0.118657 -0.569718 0.417082 0.845707 -0.502236 -1.099848 0.451812 -0.729145 0.052395 -1.168226 0.235928 -0.086146 0.822487 -0.769925 0.312334 -0.711394 -0.434268 -0.645670 -0.865227 -0.017054
BlockStatement -0.169916 0.017824 -0.354242 0.816104 -0.684104 -0.425152 0.460445 -0.486014 0.269326 -0.564637 1.221557 0.048319 -1.332497 -0.110007 0.442801 0.324806 -0.275075 -0.034481 0.532207 -0.768907 -0.489327 -0.561645 0.184239 0.524479 0.534961 0.211263 -0.305828 0.858888 -0.491881 0.103004 -0.131396 0.695449 0.346861 0.326314 -0.211428 0.033458 0.139328 0.256675 -0.389777 0.568951
Assignment -0.677473 -0.140560 0.223647 0.145513 0.190303 -0.301971 -0.429004 -0.580679 -0.110766 -0.396177 0.575151 0.244094 0.192541 0.702235 -0.202488 0.152958 -0.228062 0.725203 -0.018082 0.338508 1.058199 -0.401730 -0.227134 0.028269 0.556440 0.539137 -0.136415 0.243060 0.295239 0.304105 0.094120 0.518501 -0.459286 0.058832 -0.264001 0.628040 0.019858 -0.175452 0.207807 0.633339
MethodDeclaration -0.641171 -0.224841 0.459239 -0.258730 -0.358190 0.153505 0.634812 -0.741921 0.214678 0.301756 -0.229004 -1.122156 -0.305740 0.040324 -0.117515 0.313811 0.199668 0.170301 -0.195742 0.461868 1.096878 0.197025 0.344244 0.131674 -0.830408 -0.475564 -1.218506 0.892362 -0.433414 1.171052 -0.007954 0.320402 0.782202 -0.372373 0.747271 0.458529 -0.349661 -0.163177 -0.245164 0.058986
IfStatement 0.218579 0.041798 -0.450512 0.671175 -0.775816 0.218854 0.809376 -0.845315 0.774476 -0.372325 0.716658 -0.119324 -0.695278 -0.303634 0.204431 0.456822 -0.497285 0.289577 0.874686 -0.462673 -0.624894 -0.160745 0.382301 0.092455 0.599619 0.342830 -1.132907 0.668917 -0.597643 0.475586 0.099721 0.517479 0.137511 0.762951 0.078294 0.119127 -0.036435 0.246307 -0.340234 0.256557
LocalVariableDeclaration -0.433664 -0.124505 -0.133844 0.418825 -0.727176 -0.238584 0.097554 0.284778 0.225843 0.275737 -0.129692 -0.010298 -1.328645 -0.612395 0.040060 0.205169 -0.286817 -0.519959 -0.285898 -0.548379 0.156027 -0.463922 0.209324 0.178380 -0.082730 -0.186434 0.441697 -0.024609 -0.347361 -0.679855 -0.137409 -0.291592 0.125963 -0.523897 0.593893 -0.560978 -0.756750 0.023709 -0.725803 0.553120
FormalParameter -0.452543 -0.215443 0.348732 0.045943 -0.373145 0.944987 0.439430 -0.883193 0.372995 1.118934 -0.587437 -0.820805 -0.595345 -0.168977 -0.616786 0.315096 -0.016040 0.600436 -0.241558 0.429579 1.198547 0.452607 0.653741 -0.077471 -0.728993 -0.063969 -0.903496 0.761839 -0.419512 0.631490 0.593564 0.350462 0.458276 -1.082243 0.399792 1.079216 -0.436819 -0.214948 0.241326 -0.384950
BasicType -0.402651 0.221956 0.563045 0.336310 -0.259581 0.778008 0.254630 0.226293 -0.183493 0.284959 -0.091270 0.282208 -0.386776 0.279618 0.349860 0.083281 0.026326 -0.006665 -0.725811 -0.026246 0.509199 -0.089326 0.602118 1.171640 -1.442519 -0.845753 0.899668 -0.218590 -0.110941 0.531411 0.666063 0.181773 1.063582 -0.954345 -0.021559 0.099616 -0.641150 -0.468618 -0.255058 -0.004567
+ 0.310046 0.703646 -0.366863 -0.642615 0.038084 -0.430591 1.117357 -0.630221 -0.393030 -0.174310 0.594442 -0.883565 -1.175098 -0.255000 0.507765 0.369004 0.456051 -0.830983 0.015086 -0.410216 0.686087 0.062553 -0.335336 -0.311755 0.778581 -0.567041 0.241192 -0.325678 -1.527729 -1.074735 0.747813 0.657626 0.108805 1.250403 0.424239 0.049976 0.673094 1.267705 0.040735 0.524644
ClassCreator -0.503941 -0.144311 -0.481836 -0.225302 -0.210544 -0.269550 -0.102451 -0.694188 0.410420 0.478914 -0.753812 -0.577780 -1.426715 -0.345036 -0.297219 -0.604587 -0.413366 0.267437 0.304962 -0.925583 0.360730 0.038255 0.138291 0.990633 0.490750 -1.114094 -0.883765 0.475906 -0.798913 -1.611395 0.382457 1.206035 0.046163 0.007944 0.065489 -0.041148 -0.067807 0.039738 -0.792489 0.446987
Import 0.056378 -1.087373 0.838619 -1.650145 -0.559477 0.670910 -0.553624 -0.913346 1.719131 0.343375 -2.010084 -1.207060 1.994157 0.012232 -0.304656 0.842578 0.019651 0.753294 -0.185263 0.013078 0.447894 -0.320609 -0.494819 0.726586 -1.093281 -2.218517 -1.416429 -0.573830 0.478192 -0.337835 0.235276 -0.505630 1.374240 0.028655 0.778345 -0.361192 -0.239138 -1.511562 -1.975018 -0.294618
FieldDeclaration 0.198097 -0.689672 0.646781 -0.782463 -0.235556 0.882466 -0.273095 -0.693225 1.126871 0.012584 -0.703507 -1.066319 0.730950 1.778881 -1.148298 -0.113553 -0.057118 0.421883 -0.288504 -0.041899 1.124511 -0.000085 -0.099923 0.605402 -1.241941 -2.888686 -0.714803 -1.737373 -0.341099 -1.041346 0.547013 0.051066 1.246110 -0.706453 -0.124146 0.209570 0.760776 -0.953855 -0.135112 -0.826900
ReturnStatement -0.313982 -0.437327 -0.084644 0.368500 -0.133495 -0.944490 0.734082 0.132622 -0.118061 -0.438883 0.494515 -0.930561 -0.915510 0.459422 -0.120398 -0.126978 -0.163780 -0.310048 -0.183615 -0.372448 0.423715 0.064995 0.236642 -0.059005 -0.683748 -0.300187 -1.125573 0.509675 -0.737389 1.420278 -0.107061 0.070314 1.053561 0.233845 -0.216871 0.243116 -0.199517 0.065101 0.072725 -0.269715
This -2.072849 0.339154 -0.270131 0.144774 -0.484136 -0.117409 -0.581050 -1.708676 0.810812 0.691219 0.365701 -0.625895 0.178968 1.266788 -0.644378 -0.334821 0.167024 0.502973 -0.384435 0.282470 1.301814 0.207746 -0.116118 1.002306 -0.014885 0.401080 -0.579305 0.331290 -0.084479 1.039833 0.782351 0.928264 -0.398378 -0.185768 0.531146 0.984247 0.272268 0.502416 0.546524 0.704273
!= 0.235222 0.523055 -0.533075 1.182846 -0.021107 0.298429 0.565599 -0.689980 0.567550 -1.208316 0.454355 -0.502313 -1.190355 0.129670 0.722040 0.351528 -0.461793 -0.776956 0.106925 -0.351347 0.156106 0.280025 -0.429680 0.370921 1.170424 -0.136742 -0.181872 0.828559 0.146176 -0.139947 -0.596662 0.471887 0.509888 -0.650343 0.040651 -0.112564 -0.487793 1.174560 0.861437 -0.018791
== -0.236868 0.524802 -0.775224 1.174809 -0.375740 0.006867 1.150576 -0.798053 0.320988 0.306591 0.687137 -0.279445 -0.184119 0.324872 -0.630282 -0.203599 -0.444361 0.135678 0.990265 -1.232623 -0.372067 -0.039169 -0.091862 -0.445017 0.488679 -0.548706 -0.990641 0.083437 -0.288999 0.520838 0.234695 0.096280 -0.064710 0.750090 0.022792 -0.388880 -0.378890 0.526804 -0.015027 0.023928
ArraySelector 0.469288 0.153173 -0.159016 0.074423 0.790852 -0.350580 0.814950 0.658182 -0.955099 -1.212458 0.742468 0.710511 -0.609209 0.088624 -0.135243 0.445312 -0.759863 0.265507 -0.039544 -0.046997 0.708310 -0.020743 0.382027 0.175251 0.709304 1.047927 0.632851 -0.759885 0.171409 -0.240404 0.743923 0.450900 0.042602 1.290321 -0.465255 0.137131 -0.637754 -0.291370 -0.207746 0.519178
ThrowStatement -0.074040 -0.358232 -1.396842 0.530992 -0.321111 -0.268593 0.519060 -0.375270 0.377765 -0.654596 -0.189486 -0.762166 -1.006587 -0.368140 0.030097 -1.252812 0.126295 0.046749 0.384434 -0.638985 -0.143585 0.534903 0.011672 -0.371635 0.864017 -0.712997 -1.508073 1.059589 -1.526164 -0.708856 -0.243664 0.877717 -0.021807 0.000955 -0.329563 0.369863 -0.200370 0.883660 0.020175 0.494618
++ -0.381516 -0.023215 -0.327054 0.377547 0.334759 -0.387429 0.116184 0.364861 -0.332580 -0.693404 1.296477 0.940031 -0.977916 0.298734 0.659163 -0.254562 -0.212797 0.256449 0.142542 0.150662 0.014019 -0.317150 0.426486 0.500144 0.284186 1.017350 1.034660 0.125693 0.192715 -0.096452 0.075064 0.931827 0.236573 0.727704 -0.227416 -0.193146 -0.510389 -0.821790 -0.816494 0.822514
Cast -0.477503 -0.124077 0.120554 0.851615 -0.454831 -0.321531 -0.124190 0.558232 -0.395396 -0.250740 0.453562 0.083617 -1.547158 -0.722571 -0.491203 -0.577633 -0.210622 -0.328191 -0.499117 0.016458 -0.116028 0.764091 0.903153 -0.541526 0.143441 0.239010 0.581357 -0.513570 0.386047 -0.661795 -0.376101 -0.007691 0.404808 -0.118356 -0.088338 0.084272 -0.259362 0.137076 -0.400183 0.562053
CatchClause 0.381617 -0.964777 -1.213299 -0.023501 0.032317 -0.812418 -0.247375 -0.120994 0.829942 -0.578707 -0.538137 -1.276636 -1.295653 -0.024678 0.337031 -0.632584 -0.061065 0.152794 -0.641545 0.454790 0.404484 0.374199 -0.401860 -0.963715 0.972072 -0.383154 -1.080243 0.659965 -1.453799 -0.676647 -0.668948 -0.292562 0.697406 -0.188480 -0.443947 0.324724 -0.562552 0.632749 -0.017881 0.244834
CatchClauseParameter 0.198557 -0.988650 -1.320970 0.106195 -0.015788 -0.521241 -0.199687 -0.101144 0.760926 -0.614953 -0.624308 -1.440300 -1.133349 0.047350 0.473397 -0.764873 0.282064 0.059852 -0.653347 0.434891 0.694902 0.237891 -0.247863 -0.949101 0.937510 -0.349800 -1.231396 0.595341 -1.493301 -0.682998 -0.639608 -0.476518 0.363038 -0.404000 -0.348197 0.264691 -0.653093 0.627102 -0.095749 0.299919
< 0.059967 1.190002 -0.050983 0.972655 0.631361 0.309346 0.591697 0.400601 -0.685993 0.370162 0.256317 0.824340 -1.105506 0.084288 1.077259 -0.260288 -0.119446 -0.270597 0.354087 -0.128420 -0.123345 -0.425511 0.640775 0.978571 0.481720 0.714375 0.843573 -0.034880 0.247843 0.538769 0.355331 0.703845 -0.109888 0.117702 -0.037295 -0.709344 -0.993630 0.065633 -0.577508 0.208118
TryStatement -0.032751 -0.539663 -0.018427 0.180090 -0.519722 -0.163515 -0.127810 -0.449289 0.805745 -0.704196 -0.351583 -0.472747 -0.841192 -0.535912 0.569046 0.381257 -0.693012 0.241613 -0.426606 0.036006 0.634409 -0.789371 -0.372537 -0.327991 0.649494 -0.509063 -0.971901 0.873681 -0.553569 -0.590559 -0.608916 -1.074582 0.529133 -0.726654 0.220305 -0.468387 -0.930203 0.536777 -0.390531 1.004092
&& 0.569382 0.482089 -0.734282 0.575906 -0.463969 0.884870 0.946161 -0.620617 0.949907 0.060442 0.488372 0.065314 -0.987827 -0.640317 0.533026 0.491449 -1.029670 -0.350143 1.027606 -0.895980 -0.786980 -0.193231 0.129247 0.675968 1.000550 1.239260 -0.864457 0.780234 0.158039 0.203570 -0.046394 0.140748 0.128047 0.056504 0.317471 -0.443990 0.331398 0.997809 0.923529 -0.391033
ForControl -0.346910 0.483866 -0.043358 0.546128 0.421398 0.499817 0.315236 0.080264 -0.518806 0.873693 0.941122 1.523584 -1.830509 0.471942 1.477115 -0.375423 -0.650398 0.172999 0.422530 0.692730 0.385702 -0.593755 0.701925 -0.182983 -0.091893 0.782701 1.341168 0.621548 -0.543510 -0.197781 0.027284 0.805300 0.103687 -0.451859 0.248764 -0.367644 -0.606154 -0.696428 -0.002738 0.091600
ForStatement -0.302584 0.425283 -0.200339 0.544846 0.474753 0.383919 0.375668 0.076852 -0.263896 0.781512 0.872405 1.429515 -1.623534 0.375551 1.437427 -0.292217 -0.638544 0.195051 0.424949 0.750195 0.489868 -0.669668 0.500970 -0.231735 -0.175539 0.653321 1.139450 0.515786 -0.628735 -0.219463 0.098494 0.673651 0.061736 -0.308530 0.119334 -0.497641 -0.710344 -0.777076 -0.112454 0.049209
ClassDeclaration 0.518226 -0.881903 0.719336 -1.074144 -0.646150 -0.012759 0.073201 -0.574413 1.190957 -0.276946 -0.894523 -1.296949 0.472959 0.953620 -0.696926 0.940898 -0.256487 0.530819 -0.277518 0.330540 0.642910 -0.155355 0.076853 0.341291 -1.008299 -1.863727 -1.054482 -0.829768 -0.299147 -0.238585 0.414078 -0.338082 1.072473 0.282740 0.360979 0.187270 -0.027328 -1.174023 -1.306390 -0.340854
! 0.472151 0.545040 -0.110092 0.235980 -1.214222 -0.048669 0.968953 -0.098864 -0.072125 -0.356982 0.245831 -0.050975 -1.145378 -0.777898 -0.661206 0.507532 -0.753629 0.109831 0.351965 -0.854994 -0.329869 -0.541217 0.722010 1.501215 0.193171 0.382954 -0.953938 1.269066 -0.893407 -0.287511 0.512539 0.215411 -0.978210 -0.399702 0.221108 -0.147482 0.183298 0.796957 0.323080 0.612598
- -0.252937 0.367397 -0.335990 0.413647 0.235036 0.546372 0.009347 -0.515087 0.175646 -0.543732 0.559933 0.846488 0.444516 0.286534 0.515077 0.960855 -0.174657 -0.133577 0.444354 -0.586049 -0.108972 0.106957 -0.913921 0.109267 0.035130 -0.640329 1.198562 -0.303169 -0.036943 -0.303871 0.514121 0.934572 0.438249 0.660364 -0.279234 0.303249 -0.187058 -0.439653 -0.158303 -0.352350
PackageDeclaration 0.337374 -0.517589 0.968676 -1.705683 -0.604451 1.059615 -0.404125 -0.427097 0.957809 0.670125 -2.496542 -1.253520 2.119609 -0.535274 -0.741284 0.620162 0.699630 0.516553 -0.197900 0.622789 -0.037066 0.447069 -0.158361 0.505199 -1.118409 -1.866334 -1.027408 -0.020102 0.282359 -0.289665 0.255176 -0.493428 0.324875 -0.307079 0.729805 0.092267 -0.207728 -1.177880 -1.628510 -0.381294
VariableDeclaration -0.321998 0.708993 0.000503 0.796757 0.358788 0.335403 0.750284 -0.073164 -0.468723 0.809168 0.884972 1.400412 -1.932160 0.677246 1.504450 -0.609426 -0.870022 0.252495 0.313373 0.657880 0.394174 -0.743351 0.874266 0.299291 -0.192500 0.262928 1.050091 0.628496 -0.620883 0.005012 0.083415 0.701889 -0.094453 -0.466308 0.226579 -0.770149 -0.638882 -0.606079 -0.178146 0.116678
> 0.360242 0.752684 -0.397440 0.125915 0.042083 0.012707 1.087483 -0.386651 0.508588 -0.260181 0.313671 -0.069385 0.171388 0.117088 0.094289 0.398892 -0.546129 -0.552749 0.409775 0.042477 -0.500036 0.594472 -0.444143 0.673022 0.919963 0.966461 0.133436 0.656089 1.035331 0.274952 0.383366 0.109312 0.397009 1.046573 0.548674 -0.826739 -0.354037 -0.133707 0.435889 -0.319617
ConstructorDeclaration 0.809723 -0.998644 0.922478 -0.068288 -0.644271 0.653761 -0.715550 -0.599126 0.696339 0.160443 -1.337603 -0.895318 0.138940 0.517489 -1.465639 0.892639 0.458393 1.596902 -0.544935 0.237866 0.619726 -0.389459 0.613369 0.780440 -0.535795 -1.009050 -0.919104 -0.312294 -0.510592 -0.229784 0.495515 -0.185401 -0.193493 -1.686615 -0.626917 1.641043 -0.032583 -0.565331 -0.526980 -0.257459
ArrayCreator -0.093110 0.455046 -0.130400 0.007085 -0.485876 -0.553752 -0.144261 0.594501 0.364549 0.480788 -0.368471 0.101388 -0.956697 1.004051 -0.029311 -0.991703 -1.084040 -0.260468 -0.857516 0.862238 0.235656 0.140876 1.091525 0.480188 -1.139825 -0.352476 0.110043 -1.202319 -0.998363 -0.057636 0.076027 -0.949169 -0.091568 -0.396102 0.321403 -0.969343 -0.123164 0.018134 0.626315 0.054041
|| -0.018365 1.024952 0.232022 0.886872 -0.486857 1.030794 0.944656 -0.317734 -0.047741 -0.498771 -0.166214 -0.363860 0.837089 -1.045872 0.105427 -0.365276 0.025812 -0.852513 0.999070 -1.314330 -0.559112 0.246527 0.378782 0.921763 0.563257 -0.139109 -1.986504 -0.177568 0.695882 1.896098 0.154911 0.423331 0.029797 0.205526 0.025849 0.152945 0.638696 1.911346 0.478820 0.055143
WhileStatement -0.396728 -0.037994 -0.247751 0.362464 -0.057352 -0.896079 -0.423996 -0.209727 0.417248 0.051585 0.622299 -0.156321 -0.801571 -0.604237 -0.135237 1.104133 -0.265978 -0.346244 -0.346604 -1.412206 -0.474957 -0.476008 -0.992323 0.916387 1.027349 1.326133 0.649450 0.611389 1.256314 -0.004186 0.031497 -0.532702 0.840541 0.141201 -0.287909 -0.003644 -0.083589 0.426269 -0.048742 0.068066
+= -0.497834 0.410209 0.843072 -0.172354 0.264517 -0.159681 0.374835 -0.209498 -1.159339 -0.868934 0.898935 0.209345 0.505748 0.529842 -1.253016 -0.319846 -0.367637 -0.241622 0.641768 0.478180 1.464488 -0.218079 -0.146646 0.229539 0.526604 0.715870 0.056789 0.601079 0.921035 -0.334421 -0.041353 1.384761 -1.243479 -0.089169 0.490213 0.277512 0.506770 -0.288759 1.151913 0.592375
BreakStatement -0.288885 -0.187466 0.153695 0.191998 0.005677 -1.620715 -0.638219 0.197229 -0.594410 -1.279469 0.413709 0.816188 0.134780 -0.791188 0.194880 0.222024 -0.475398 0.408861 0.183298 0.070492 -1.217397 0.776420 0.137257 -0.106362 0.145961 0.555084 -0.276108 0.759231 -0.131174 0.556379 -0.041639 0.880456 -0.601160 1.888555 -0.524636 0.625057 -0.200710 -0.701329 -0.974502 0.577521
ArrayInitializer 0.928466 -1.058648 -0.549554 -1.450898 -0.512322 -0.435881 0.194768 0.569104 0.696344 0.169953 -0.798148 -0.623475 -0.717080 0.367479 -0.108102 -0.355542 -1.220562 -0.297011 -0.403030 0.384123 0.470603 -0.285486 0.168019 -0.549807 -1.312068 -0.491497 -0.851981 -0.730222 -1.856857 -0.765878 -0.371073 -1.127277 0.254386 -0.486073 0.564664 -0.946069 0.285153 -0.283187 1.071635 -0.476112
SuperMethodInvocation 0.008211 0.329302 1.611290 0.919480 -0.247792 0.433140 -0.021425 -1.146734 -0.021675 1.242368 0.099742 -1.178001 -1.309151 -0.222049 0.170458 -0.333007 0.933168 0.254926 0.334854 -0.066128 -0.095495 -0.539907 0.491611 -0.879047 0.399072 -0.915812 -1.189535 1.106960 0.600443 0.134927 -0.972685 -0.683804 0.607249 -1.758250 0.037698 -0.108189 0.677758 0.665089 -0.106287 -0.449562
TernaryExpression 0.137387 1.095058 -0.110071 0.810002 0.546798 -0.694403 1.489083 -0.156701 -0.672230 0.708858 0.618438 -1.303256 -0.166316 1.281264 -0.779689 -0.291715 0.740810 -0.967477 0.167918 -0.537067 0.493681 -0.229871 -0.713770 -0.586994 0.809310 -0.326487 0.245946 -0.386111 0.889804 0.352866 0.184895 -0.691563 0.218510 0.344897 0.361374 -1.073867 -0.649784 0.481863 0.014464 -0.512539
<= -0.273794 -0.338954 0.112207 -0.514898 0.426555 1.026133 0.013861 0.105698 0.087287 -0.267989 1.032703 1.638318 -0.284999 -0.567132 1.241706 0.229713 -1.098460 -0.522852 1.296606 -0.462445 -0.159634 -0.228679 0.122911 -0.095954 -0.093236 1.270095 0.375937 0.089297 0.470419 0.118960 -0.364236 1.277100 0.727278 0.409470 0.263078 -0.050096 0.847174 -0.469493 0.848013 -0.269419
SuperConstructorInvocation 0.573316 -0.586993 0.934268 -0.526462 -1.052097 1.001011 -0.539904 -0.736664 1.112412 0.869298 -0.950205 -0.689417 0.403540 0.064403 -1.073305 1.828760 0.529113 0.747358 -0.074684 0.333876 0.320210 -0.273528 0.599606 0.502754 -0.505442 -0.017482 -0.707805 -0.281014 -0.602989 0.170491 0.565167 0.000569 -0.492086 -1.099253 0.242829 1.423475 0.704140 -0.169885 -0.142585 -0.399799
instanceof -0.430469 -0.593248 -0.485576 0.910131 -1.378287 0.329374 -0.183741 -0.446420 0.961021 0.441438 0.261228 -0.543871 -1.185192 -0.942074 -0.130191 -0.859039 0.373932 -0.616382 0.926525 0.029700 -1.375329 0.946515 0.984729 -1.679072 0.428443 0.278404 -1.034679 -0.315773 -0.235793 -0.534458 -1.085172 0.120554 0.339943 0.261865 0.298677 0.082829 0.401750 0.166447 -0.494288 0.033802
SwitchStatementCase -0.442743 0.265756 0.304676 0.144700 0.020138 -2.657184 -1.576004 0.580392 -1.293729 -0.475315 -0.325754 0.363803 0.540102 -0.926424 -0.767266 -0.518563 0.803246 0.508778 -0.641572 -0.167747 -2.014960 0.900094 0.434971 0.788132 0.019402 0.196383 0.481574 0.079035 0.566634 0.241835 0.086746 0.255200 -1.773521 1.640979 -0.928114 0.450007 0.152620 -0.250626 -1.746943 0.628985
& 1.049417 0.048338 -0.315472 0.056477 1.191615 1.102924 0.890868 1.259343 -1.615534 -1.529759 -0.438881 -0.086754 1.156142 -0.321585 -0.168446 -0.060728 0.698294 -0.448693 -0.507951 0.683741 1.408094 1.226557 -0.352301 -1.247117 0.433556 0.346141 0.536358 -0.786599 0.122675 -0.097479 0.348116 0.307449 0.285812 0.046701 -0.511317 0.953024 -0.817926 0.788419 0.903650 -0.116167
>= -0.597051 0.350993 -0.199410 -0.471690 -0.076582 0.149904 0.169454 -0.560924 0.116572 0.824486 0.956863 0.968528 -0.026823 -0.929307 0.809375 0.265779 -0.667955 0.103701 0.616863 -0.972779 -0.642530 -0.575614 -0.519175 -0.204668 0.147834 1.493611 -0.055050 1.039963 -0.011225 0.482125 0.559961 -0.332599 0.431468 0.748498 -0.093738 0.031713 1.043684 0.776149 1.084907 0.178423
* -1.135225 0.809870 -0.994993 -0.195197 0.057678 0.192303 -1.104597 -0.194381 0.718099 0.479958 -0.279024 0.053377 0.519689 0.558256 1.708300 -0.903458 1.000499 -1.016243 -0.779554 0.568147 -0.675391 1.059586 -0.160192 0.519850 -0.724398 -0.744474 1.591370 -1.536735 -0.278384 0.305875 0.115959 0.585759 0.190851 0.503053 0.764870 -0.157101 0.289238 0.663100 -0.484134 0.324048
ConstantDeclaration -0.551938 0.620880 1.053401 -0.770239 0.344515 0.298376 -0.832771 1.193110 -0.586269 0.423532 -1.910943 1.016983 1.157820 -1.626683 -0.121092 -0.870245 -0.685759 -0.397314 -0.658454 0.725327 -0.877252 1.472234 -0.060917 -0.034630 -1.429534 -1.888598 1.176394 -0.202998 0.855676 -1.217571 -0.585899 -0.646274 -0.035551 -0.404144 0.586448 -1.549185 -0.255387 -0.777194 -0.304460 0.310595
ClassReference 1.254451 -0.622793 -0.022377 -1.091795 -0.599293 -0.466022 0.241577 0.666712 0.868127 0.320901 -0.707265 0.403052 -0.904428 -0.237011 -0.299878 0.372028 -2.379580 0.166745 0.131372 0.476494 -0.245740 -0.618872 0.679450 -0.279284 -0.238662 0.933440 -1.135125 0.351001 -0.647362 -0.878033 -0.479638 -1.619261 -0.854789 -0.272907 0.785538 -1.505420 0.024725 -0.585124 1.105513 -0.477948
<< 0.771864 0.290133 0.781194 -0.578692 1.349233 0.335296 0.040516 0.889465 -1.761596 -0.252699 0.082691 0.802712 1.628778 0.125883 -0.430536 0.937725 0.469207 -0.009870 0.247518 -0.416984 0.844131 -0.670303 -0.810188 -0.013996 0.654923 0.193812 1.064664 -1.769710 0.963199 -0.242380 0.929944 0.346909 -0.351621 0.804181 -0.713680 0.222351 0.529449 -0.010235 -0.076766 -0.195793
-- 0.543830 -0.176256 -0.950581 -0.159702 0.630425 -0.745838 0.560440 0.913204 -0.511774 0.600964 0.926396 1.201288 1.077557 0.378247 0.025146 0.342641 0.280830 0.785597 -0.143495 0.282078 -1.119836 -0.474547 -0.512341 -0.708558 -0.091383 1.728386 1.479992 0.601435 0.053484 0.355252 0.424478 -1.210193 -0.516922 1.270597 -0.687597 -0.408270 -0.142994 -1.008187 -0.051987 -0.296652
/ -0.890682 0.121266 -1.560983 -1.218954 0.701654 -0.260615 -0.504099 0.157682 0.183180 0.631270 -0.640569 0.497444 1.458050 -0.216202 0.996992 0.013333 0.168331 -0.315247 -0.445659 0.106481 -0.200869 0.648654 -1.415397 -0.112077 -0.749554 0.167123 0.949814 0.487697 -1.142047 0.182426 0.541828 -0.086780 -0.447164 0.941404 0.067937 -0.133480 -0.080286 0.304508 0.639148 -0.393177
ContinueStatement 0.496025 0.392776 -0.324350 0.412823 -1.102091 -0.693452 0.909308 0.282524 -0.026666 -0.791995 1.692110 0.472956 0.321227 0.047302 -0.397361 0.701936 -0.085898 -0.336857 0.718060 -0.421074 -1.437960 -1.019607 0.079553 -0.121477 0.290798 0.818416 0.703804 -0.093027 0.005366 -0.075821 -0.445552 -0.728767 -1.125463 1.002371 0.753496 -0.983682 0.011219 0.140986 -0.389918 0.876680
ExplicitConstructorInvocation 0.086890 -0.481191 1.206629 0.315845 0.157200 0.207819 -0.956530 0.157304 -0.556796 1.066908 -0.710520 -0.249374 -0.148186 1.121794 -2.169298 -0.256971 0.550262 1.393321 -0.933558 1.124589 1.299083 0.588045 1.051500 -0.470061 -1.010735 0.198017 0.241423 -0.578898 0.422876 -0.516323 0.718617 0.047316 -0.704273 -1.788953 -0.808135 1.759107 0.093244 -0.778112 0.341352 -0.641233
>> 0.615275 -0.018956 0.236605 -0.088324 0.950640 1.256924 0.019537 1.115092 -0.958549 -1.380449 0.237793 0.934493 0.313254 -1.013185 1.070400 0.265027 0.038586 -0.028747 -0.652357 0.717131 0.524470 0.956659 -0.115462 -0.806012 0.536448 1.384056 0.853337 -0.103516 1.044327 -0.152250 -0.088095 -0.494597 0.927038 0.095437 -0.848435 0.576419 -0.034286 0.740740 1.384292 -0.025879
InterfaceDeclaration -0.623158 -0.029850 1.232311 -1.201084 0.201332 1.601905 -0.252587 -0.122694 0.063796 0.830818 -1.644835 -0.513110 2.085819 -0.614789 -0.642839 -0.525072 0.274022 -0.077062 0.024356 1.394815 0.395499 1.263110 0.406079 -0.517614 -1.671393 -1.050640 -0.841141 -0.015121 1.314946 0.907092 -0.592413 -0.372163 0.160194 -1.009795 1.107185 -0.451318 0.262359 -0.542237 0.388767 -0.594470
% 0.165272 -0.122861 -1.094499 -0.187932 0.690315 -0.522510 -0.251036 0.584914 -0.668434 0.690972 -0.036151 -0.461558 0.550521 -0.586976 0.178234 -0.646695 1.661522 -0.774628 0.054837 -1.156621 -1.238609 0.386960 -1.090304 -0.788432 -0.121528 -0.569049 1.282663 -0.423613 -0.160132 -0.469747 -0.246740 0.006146 -0.107257 0.224917 -0.707363 0.263497 0.791263 0.514046 0.134641 -1.236584
Statement 0.160518 -0.045756 -0.347040 -0.302372 0.198319 -0.031359 -0.022973 0.520110 -0.107024 -0.544868 1.132064 1.563276 0.958904 0.282178 0.904110 -0.181725 0.007841 0.603534 0.703053 0.413376 -1.066057 -0.455835 -0.252720 -0.213689 0.029864 0.827596 0.834763 -0.016304 0.000284 0.224640 -0.269323 0.171312 -0.713910 1.207195 -0.144391 -0.509673 0.230294 -1.121076 -0.085439 0.181932
| 0.035256 -0.435682 0.191823 -0.531488 1.738441 -0.220004 -0.317042 1.688547 -1.625679 -0.494234 -0.048565 0.960225 1.834917 -0.574991 0.120874 -0.565831 1.208261 -0.686873 0.731777 -1.208587 0.327283 -0.914969 -1.342475 -1.006368 0.024402 -0.281331 0.311105 -0.884952 0.159348 0.779744 -0.549868 1.122453 -0.363380 0.132079 -0.628259 0.345000 1.075287 -0.163631 0.063557 -0.579678
SwitchStatement -0.094753 -0.209500 -0.294868 0.234982 0.101112 -1.712899 -1.064662 0.857178 -0.628634 0.160954 -0.354864 0.172492 0.156518 -0.376005 -0.315751 -0.711127 0.338061 -0.010322 -0.349679 -1.004077 -1.674288 -0.241491 -0.056004 0.926369 0.312243 0.530037 0.254147 -0.290016 0.974041 0.196147 -0.162883 -0.484883 -0.652553 0.586876 -0.822036 -0.338298 0.055827 0.048029 -1.009727 0.039661
-= -0.040830 0.365534 -0.571736 -0.321272 -0.045107 -0.771475 -0.566139 0.256839 0.359131 -0.664823 0.922721 0.614706 2.041908 1.215059 0.195082 -0.026873 0.596575 0.015251 0.009212 0.831310 -0.668188 -0.865055 -1.234124 0.370656 0.108988 0.777690 1.046861 0.623992 0.237686 0.903664 -0.473700 -0.619197 -1.475444 -0.081513 -0.084385 -0.530533 0.377382 -0.227197 1.005686 0.092716
|= 0.382422 -0.645169 0.141379 0.806724 0.698437 0.330453 -0.958232 0.288085 -0.739518 -1.366113 1.178273 0.852640 1.304957 -0.446261 0.530917 0.906672 0.578304 0.322076 0.487752 -0.712153 -1.003569 0.052151 -0.461400 -1.143417 0.682286 0.684223 0.110741 -0.041283 1.355865 0.791682 -0.777694 0.276634 -0.026228 0.568274 -1.525176 1.133221 0.619049 0.313448 0.282577 -0.023450
DoStatement 0.875515 0.354786 -0.448601 0.201653 0.016016 0.551131 -0.940076 0.697606 0.052807 -0.178219 0.569086 0.623315 0.956350 -0.093758 0.832896 -0.470663 0.801542 -1.392788 0.125766 -0.706072 -1.575311 -0.685009 -0.501944 0.033665 0.507812 0.430168 1.210223 -0.877468 1.211247 -0.572581 -1.152045 -0.889711 -0.578962 -1.164770 -0.357323 -0.737130 1.443321 1.315933 1.617391 -0.586643
SynchronizedStatement 0.552702 -0.052801 -0.171534 0.063988 -0.550233 -0.170785 -0.621674 -0.487042 0.591192 0.050407 -0.067112 -0.932395 0.576560 -0.168498 -0.321563 0.055728 0.666481 -0.108920 -0.312446 0.567885 -0.500183 -0.071143 -0.131810 -0.149390 0.513121 0.727484 -0.622267 1.301229 0.355369 0.337842 -1.113812 -1.011553 -1.014714 -1.265585 0.209608 0.382414 0.649914 1.314516 1.107916 0.023394
^= 0.103538 0.517136 -0.101932 0.249525 0.381593 -1.184638 -0.191860 0.581143 -0.764873 0.199221 0.009698 -0.131138 1.905581 0.656007 -1.284097 -0.776431 0.817285 0.262846 -0.425664 0.494122 -1.008402 0.512272 -0.736066 -1.329347 0.398560 0.459431 0.542435 -0.401890 1.068443 0.475417 -0.200932 -1.685445 -1.361710 0.529093 -0.355589 -0.467635 0.224723 0.192833 0.869939 -0.454364
<<= 0.211047 -0.624101 -0.719318 -0.711709 0.842614 -0.367220 -1.009338 0.458379 0.072353 -0.327310 0.064617 0.616780 1.896633 0.694328 0.098394 -1.554836 0.750752 0.654036 0.173707 1.983499 -0.601920 0.579428 -0.607492 -1.798669 -0.039226 0.936821 0.333544 0.813165 0.110111 -0.264731 -1.287431 -0.740668 -1.406980 -0.334985 -0.179257 -0.103361 0.454662 -0.795784 1.052171 -0.291116
^ 0.508816 0.109178 0.392438 -0.375487 0.870308 1.752050 0.032123 0.914247 -0.815307 0.281174 -0.270526 0.661486 1.751332 -0.511000 0.544233 0.417438 0.914283 -0.735286 0.196809 0.159264 -0.041682 0.114045 -0.456387 -0.684925 -0.079149 0.601833 1.114574 -1.268348 1.283669 0.516228 -0.022025 -0.362952 0.222407 -0.220574 -0.041421 0.136527 0.390864 0.302990 0.453861 -0.704819
>>= 0.146137 0.180005 0.479560 -0.138083 0.820565 0.369669 -0.362692 0.919879 -0.959247 -0.256081 -0.078435 1.119295 1.738560 0.001846 -0.103084 -0.030634 0.281638 0.163544 -0.286672 0.906421 -0.193818 0.357265 -0.115828 -0.427953 -0.349126 0.831676 1.128560 -0.400134 1.233162 0.579674 -0.038982 -0.517077 -0.530570 0.153188 -0.235859 -0.018640 -0.171789 -0.433388 0.328116 -0.127866
>>> 0.317165 0.097374 0.042938 -0.630602 0.924980 0.092099 -0.585320 1.049920 -0.832201 0.311227 -0.604430 0.255035 2.049784 -0.139291 -0.044408 -0.190805 1.208359 -0.494092 -0.494845 0.286903 -0.405952 0.290538 -0.765937 -0.979211 -0.106555 0.537245 1.057783 -0.982901 0.955078 0.460025 -0.257883 -1.006927 -0.598963 0.016305 -0.247507 -0.015720 0.349495 0.246318 0.537758 -0.754053
*= 0.777881 -0.815519 0.189015 -0.441509 0.499219 -0.105505 -0.694499 1.540651 -0.648956 -0.306533 -0.336215 0.800867 1.944115 0.291489 0.246021 0.340935 0.661193 -0.283195 -0.883026 0.681177 0.133601 -1.550041 -0.278230 -0.698021 0.003945 1.357191 0.858125 -1.053880 0.865212 0.658298 -0.365023 -2.005190 -1.348972 -0.640710 0.093729 -0.431954 -0.544599 0.266779 -0.020411 0.358524
%= 0.113898 0.305864 0.213072 -0.134661 0.742591 0.071866 -0.556101 0.135750 -0.826085 -0.881831 0.417082 0.590907 1.864902 -0.220959 0.043997 0.323253 0.692476 0.187155 0.030966 0.629937 -0.080574 0.512217 -0.794395 -0.445779 0.592419 0.656755 0.509474 0.390830 0.702940 0.635363 -0.147324 0.223954 -0.810775 0.477131 -0.575065 0.725392 0.585944 0.380679 0.801242 0.170971
&= -0.013262 0.520043 0.241061 -0.158225 0.700280 -0.380496 0.400503 0.751937 -1.057006 -0.508860 0.097313 0.337443 0.676831 0.001169 -0.126063 0.046848 -0.052798 -0.382810 -0.334866 0.254278 0.477097 0.114042 -0.450569 -0.312601 0.058329 -0.012342 0.882000 -0.376264 0.594209 -0.147713 0.105689 -0.325685 -0.154439 0.528807 0.233254 -0.631093 -0.587821 -0.015075 0.037100 0.356419
~ -0.132225 -0.465491 0.197681 -0.295624 0.074651 0.195487 0.397779 -0.145505 0.303051 -0.553114 -0.109960 -1.070793 0.743122 1.079473 0.025223 -0.380300 0.687652 -0.285855 -0.486714 0.549616 0.650862 -0.065893 0.252036 0.058864 -1.182540 -1.174894 -0.731120 -0.593670 -0.024031 1.403098 -0.412749 -0.394784 1.136719 -0.678196 0.253849 0.207968 -0.255254 -0.469519 0.035749 -0.467670
/= -0.680945 0.296132 -0.007829 -0.031103 -0.152613 0.153394 -0.124614 -0.321820 0.041003 -0.034170 0.069585 0.034313 0.841029 0.243546 -0.291762 -0.063878 0.206307 0.049941 -0.182616 0.323245 0.345658 0.071121 -0.222809 0.369495 -0.196551 0.195823 -0.014438 0.444413 0.267746 0.508844 0.102786 0.101329 -0.546035 -0.221457 0.300116 0.216704 0.088884 0.285586 0.491608 0.419565
<unk> 0.009628 0.013713 -0.031219 0.004723 0.023706 0.002579 0.014416 0.011226 -0.017686 -0.032694 0.032385 0.020776 0.038708 0.002567 0.019980 -0.004538 0.011255 -0.011630 0.009662 0.010144 -0.008076 -0.003420 -0.031252 -0.028242 0.030155 0.044838 0.011999 0.008693 0.019498 0.023824 -0.010341 -0.002516 -0.020360 0.020055 -0.012183 0.000555 0.013753 0.025991 0.040806 -0.001986
