ReferenceType -0.077382 -0.103308 0.025083 0.699484 -0.431323 -0.107500 0.643272 -0.891024 -0.610340 -1.482960 0.174432 -0.121492 0.638673 0.584692 -0.252587 0.551912 0.686740 -0.845589 -0.139272 -0.525636 -0.109516 -0.180012 -0.608072 -0.174618 -0.658102 -0.520561 -1.316559 -0.438804 0.030897 -0.021844 0.028660 0.704836 0.369670 -1.976319 -0.082601 1.004061 1.386275 -0.752713 0.504161 -0.048814
MemberReference -0.127324 -0.143586 0.568761 0.589031 0.436581 0.558250 -0.202923 0.353680 0.007818 0.058777 -0.389387 0.126637 -0.697906 -0.061362 -0.253041 -0.109160 -0.300045 -0.372780 0.093160 -0.011637 0.619956 0.094767 0.921168 0.198136 0.140861 -1.081169 -0.171028 0.019484 0.674503 0.072368 0.106827 0.411443 0.147302 -0.325719 -0.119732 0.175573 0.159166 -0.040281 -0.218502 -0.065234
MethodInvocation -0.637462 0.076939 0.912014 -0.036410 -0.393763 0.066917 0.638206 -0.201224 -0.105418 -0.075916 -0.315981 -0.985405 0.539716 0.092561 -0.285217 -0.020569 0.083218 -0.832554 -0.272078 -0.660095 -0.290191 0.151157 0.431836 0.976147 -0.398679 -0.506747 -0.228991 -0.128171 -0.455602 -0.163237 -0.270880 0.348170 -0.500396 -0.532089 -0.974500 0.804091 0.601632 0.052184 0.288410 0.291484
Literal -0.182421 0.560419 0.497728 -0.512930 0.829606 0.473712 0.512174 0.705337 -0.132055 -0.633245 0.564290 0.018244 0.446067 0.182418 0.118752 0.264279 -0.134862 0.085056 0.307143 0.265311 -0.460307 0.103854 -0.404186 0.194994 0.499877 -0.310842 -0.010578 -0.537547 -0.105443 -0.641626 -0.375055 -0.064324 -0.270193 0.028155 -0.421242 -0.102824 -0.166857 -0.433911 0.245083 0.449233
StatementExpression -0.480025 0.068976 -0.035529 0.584002 -0.117309 0.276524 -0.329951 -0.154511 -0.397671 0.555576 -0.148776 -0.348490 -0.090814 0.035868 -0.066324 -0.073942 -0.232296 -0.289081 0.232267 0.002364 0.147548 0.239081 0.720913 0.021049 0.875334 -0.787962 -0.065188 -0.224223 0.322634 0.098368 -0.394647 0.067913 0.467617 -1.041844 -0.920624 0.086028 0.414120 0.707802 0.320082 0.037073
BinaryOperation -0.202900 0.071018 0.978634 -0.217602 0.798428 0.688069 0.183427 -0.283446 0.263984 -0.735048 -0.517445 0.427595 -0.504390 -0.732117 0.036454 -0.065339 0.200213 0.091501 0.051273 -0.071696 0.395515 0.060831 0.611342 0.102308 -0.309301 -0.667469 0.241271 1.146131 -0.377525 -0.978424 0.242529 -0.058948 -1.522251 0.817848 -0.174287 0.465647 -0.063377 -0.556346 -0.140963 0.041028
VariableDeclarator 0.516639 0.483346 -0.195425 -0.440875 0.182690 0.407150 1.344677 0.022478 -0.433631 -0.904446 0.197249 -0.306338 0.544832 0.354620 0.193531 0.863010 -0.030032 -0.629503 -0.690689 0.629033 -0.206163 0.336493 -0.752476 -1.044874 -0.402591 -0.123477 -1.074802 -0.146130 -0.250811 0.027339 -0.027931 0.337249 -0.477749 -0.630603 0.790009 0.861767 0.378986 -0.514243 0.632622 0.644255
BlockStatement -0.254918 0.680782 0.639111 0.341526 0.131676 0.445829 -0.095071 0.282027 0.285309 -0.036361 -0.903035 -0.797494 0.009296 -0.309262 -0.064264 0.056207 0.036577 0.325141 0.182741 -0.175902 -0.198104 0.489092 0.623675 0.778931 -0.054220 -0.068481 -0.332259 -0.099692 0.530233 -0.642265 0.253817 0.445939 -0.579990 -0.585595 -1.224584 0.612032 -0.030750 -0.424968 0.235041 -0.130276
MethodDeclaration -0.609648 0.172415 -0.809184 1.342729 -0.487177 1.160809 0.304543 -0.173124 -0.206245 -0.516357 0.404283 -0.252863 0.131375 0.265371 -0.153687 -0.244341 0.734867 -0.706522 -0.104861 -0.806824 0.319004 -1.079354 0.596911 0.066162 -0.026055 0.215041 -0.230251 -0.205079 -0.262440 0.796094 0.123466 0.057512 0.301084 -0.636659 -0.118189 -0.769342 0.871465 -0.549979 0.143381 0.056007
IfStatement -0.098182 0.250781 0.671488 0.814826 -0.382436 0.422388 -0.413283 0.144027 0.125041 -0.848169 -0.032913 -0.340446 0.198367 -0.407329 -0.420533 -0.229839 0.197377 -0.016849 0.051801 -0.776262 0.026083 0.016596 0.645019 1.006195 -0.285455 -0.624375 -0.193164 0.350834 0.163586 -0.385183 0.302960 0.719676 -0.730228 -0.285584 -0.925235 0.808101 0.199420 -0.347555 0.354183 -0.540590
Assignment -0.588728 0.188943 -0.263206 0.063589 0.005678 -0.070676 -1.046107 -0.365553 -0.492661 0.994895 -0.364760 0.173944 -0.281311 -0.711651 0.012305 -0.270796 -0.154764 -0.483385 0.286457 0.092950 0.378620 0.369002 0.437273 0.049097 0.121805 -0.620193 0.116394 -0.047503 0.767176 0.036670 -0.264598 0.129266 1.073582 -0.883195 -0.652864 0.218823 0.094940 0.417681 0.167534 0.490829
FormalParameter -0.321089 0.233169 -0.609712 1.290036 -0.563580 0.942666 -0.105992 -0.541437 -0.590430 -0.613120 0.600570 0.113894 0.162115 0.821777 -0.163317 -0.091982 0.438193 -0.809369 -0.338155 -1.041579 0.718340 -0.862754 0.761223 -0.611195 0.326755 -0.291970 -0.410187 0.016410 0.358733 0.950561 0.112415 0.293576 0.116993 -0.862164 0.284915 -0.329420 0.894866 -0.205150 0.759642 0.013164
LocalVariableDeclaration 0.345089 0.195539 0.227621 0.754604 0.318365 -0.003070 1.178265 0.004617 0.237175 -0.680587 -0.862420 -1.059506 0.161200 0.087768 -0.047352 0.433221 -0.389989 -0.186291 -1.017278 0.194292 0.292579 0.518389 0.241993 0.101023 -0.089731 0.686026 -0.252257 -0.104322 -0.221904 -0.065425 0.271659 0.550616 -0.631216 -0.981741 0.166342 0.565781 0.428223 -0.693351 -0.297865 0.366077
BasicType 0.174639 0.568704 -0.381363 -0.164919 -0.248877 0.832927 0.977902 0.206903 -0.452294 -0.584069 0.301311 -0.534448 0.213631 0.781404 0.305828 0.325261 0.154525 -0.482416 -0.420867 0.038495 0.284949 -0.466261 -0.199590 -0.434593 0.071033 0.231672 -1.039573 -0.607291 0.418703 0.811431 0.411064 0.411042 -0.299213 0.163443 1.105756 -0.084245 0.206630 -0.223838 0.694241 1.066236
+ 0.158359 0.143243 0.545731 -0.108343 1.666914 1.685448 0.850934 -0.696119 -0.274135 0.381605 -0.949140 0.440783 -0.489437 -1.042293 0.782101 0.112305 0.812218 -0.683950 0.783162 -0.224226 0.432261 -0.285509 0.252837 0.747530 -0.056920 -0.858662 0.653378 0.229869 -0.833161 -0.876309 -0.556588 0.236037 -0.511601 -0.267256 -0.405971 0.406435 0.175680 -1.088028 -0.532371 -0.026961
ClassCreator -0.929357 0.403246 0.362199 0.225025 0.940458 0.276912 0.959570 -0.439871 -0.198346 -1.063590 0.105916 -0.381532 0.667949 0.103425 0.283966 0.829660 0.362781 -0.994203 -0.135486 -0.314548 0.214838 -0.020402 -0.469846 0.084202 0.334392 -0.597237 -0.210708 -0.258323 -0.128172 -1.424316 -0.060680 0.458304 0.225708 -1.931147 -0.532946 0.662173 0.942247 -0.570791 0.353190 -0.007166
FieldDeclaration 0.623051 -0.078579 -0.841057 -0.436373 0.605017 1.021419 1.255255 0.693823 -1.743439 -0.831988 2.319692 1.144719 0.841350 -0.137061 0.063115 0.348669 0.410096 -1.155749 -0.151194 0.253779 0.540815 -0.398902 -2.056343 -0.875202 0.678856 -1.814190 -0.004541 -1.130126 -0.164779 0.350295 -0.538685 -0.687646 0.739281 -0.063208 0.569584 -0.512083 1.296526 -0.469173 0.122647 0.723313
Import 0.303975 0.113712 -1.950897 0.237717 -0.690705 0.695223 1.900113 0.841374 -0.714757 -0.889180 3.366976 -0.940996 1.836672 -0.224069 0.753681 0.233939 0.498554 -1.305118 -0.809356 0.210176 -0.038428 -1.119118 -1.911246 -0.592670 0.156888 -0.094092 -0.618773 -0.178827 -1.751422 -0.052295 0.357677 0.617413 0.767314 -1.126581 1.301473 -0.616222 0.965963 1.318754 0.562092 -0.175514
ReturnStatement -0.770045 -0.582619 0.259727 0.441033 -0.029002 1.049590 0.497042 0.030877 0.381409 -0.382992 -0.014287 -0.466962 -0.379513 0.024283 -0.723104 -0.108941 0.646064 -0.073057 0.430624 -0.513664 0.344233 -0.508637 -0.025231 0.969715 -0.750440 -0.184729 -0.959375 -0.561439 0.245192 0.420941 0.187603 -0.023028 0.354048 -0.040565 -0.687712 -0.641028 0.796013 -0.964966 -0.609901 0.279157
== -0.992449 0.018566 0.742102 0.582960 0.167237 0.620031 -0.835546 0.261234 0.150510 -0.527397 0.639584 0.656845 0.738531 -0.175441 -1.333719 -0.026228 -0.506430 0.020449 -0.225556 -0.321186 0.235834 0.233057 0.125777 0.361640 -0.519734 -0.205699 0.359735 0.739217 0.814848 -1.360077 0.216545 0.542134 -0.222236 -0.048925 -0.882921 0.004495 0.254744 -0.739080 0.071836 -0.483568
This -1.044951 0.174367 -0.599048 0.267932 -0.206618 0.234957 -1.056882 -0.393501 -0.896943 0.013971 -0.090787 0.510771 -0.008056 -0.291220 0.093109 -0.368471 0.382877 -1.122731 -0.170834 -0.588823 1.080240 -0.368606 0.580827 -0.680732 0.239696 0.088618 0.250470 0.154124 1.141372 0.691382 0.349920 -0.514903 0.949524 -0.408578 -0.197080 -0.732868 0.573163 -0.422658 0.016016 1.159363
!= -0.568837 0.625074 1.111823 -0.236109 0.151841 0.558456 -0.279103 0.563596 0.324177 -1.207070 -0.244508 -0.900303 -0.039690 -0.966837 -0.206714 -0.198478 0.299917 -0.090439 -0.000094 -0.729167 0.214002 0.355103 1.314105 -0.139993 -0.039651 -0.535683 -0.810073 0.561596 -0.196745 -0.087704 -0.256027 -0.236300 -1.053589 -0.128731 -1.394916 0.436353 0.104336 -0.064216 0.158519 0.525330
ThrowStatement -1.470822 0.003948 0.564925 0.113195 1.152627 0.931992 0.030279 -0.681513 0.764117 -0.961183 0.203152 -0.729872 0.095458 -0.406389 0.158123 0.961596 1.128052 -0.059891 0.395758 -0.888006 -0.078968 -0.214217 0.284557 0.386805 0.118744 -0.800148 -0.269857 -0.016882 -0.245391 -1.277842 -0.021191 0.127125 0.372171 -1.525715 -1.601146 0.661410 0.382460 -0.628692 0.601335 -0.656894
ArraySelector 0.834542 -0.887412 1.087447 0.392433 0.858783 0.581866 0.025037 0.028800 -0.284418 0.744923 -0.658728 0.313494 0.178035 0.124698 0.469746 -0.116406 -0.128521 0.377367 0.204333 0.744731 -0.768752 0.153155 1.221363 0.445444 -0.542221 -0.263344 0.604419 -0.056542 0.076345 0.035610 0.561048 1.195557 0.235904 -0.184178 0.149814 0.904485 -1.167471 0.043138 -0.166969 -0.189555
Cast 0.268479 -0.455291 0.299230 -0.092808 -0.262018 -0.012317 0.244361 -0.924065 0.050195 0.328271 -1.111319 -0.528724 -0.324423 0.917210 -0.516498 0.164492 -0.256096 0.489825 -1.205823 -0.536871 -0.356132 0.638540 -0.105975 -0.221711 -1.127004 -0.014195 -0.991780 -0.505316 -0.330818 -0.247743 0.101043 -0.526567 -0.309814 -0.501266 -0.337879 0.475921 0.694506 -0.090192 0.539175 -0.090926
++ 0.344361 -0.290501 1.499852 0.130022 0.529235 0.489899 0.404685 0.315412 -0.409660 0.886603 -1.519890 -0.069789 -0.064249 0.928722 0.231627 0.020584 -0.303613 0.075687 0.484150 0.881440 -0.294153 0.366297 0.890114 0.324836 0.034358 -0.086325 -0.400055 -0.378711 1.391062 -0.117218 0.658208 0.798985 -0.276128 -0.301537 -0.226604 0.503168 -0.461048 -0.212087 -0.312691 0.384750
&& -0.718722 0.696924 0.632507 0.351020 -0.528808 -0.503159 -0.617732 0.045074 0.354861 -1.418431 -0.350441 0.589540 -0.180067 -0.220838 -0.257434 -0.292224 0.425936 -0.276861 0.251176 0.195770 -1.132061 -0.013557 1.123580 -0.159229 -0.683210 -0.716074 0.190613 1.476095 0.024653 -0.548195 0.101574 -0.625233 -1.661238 0.254452 -1.395634 1.064988 0.097472 -0.909070 0.265603 -0.465269
! -0.653552 1.761536 -0.001811 0.446061 0.020559 0.233817 0.040935 0.823919 0.732627 -0.487394 -0.336792 -0.530723 -0.231178 -0.881321 0.112970 0.047224 0.520048 -1.396012 0.064690 -0.902087 -0.496254 -0.248138 0.397733 1.117825 -0.430984 -0.554838 0.022063 0.026927 0.151694 -0.839900 -0.266498 0.299677 -0.681448 -1.021106 -0.821321 1.154139 0.318257 -1.289956 0.201435 -0.717979
< -0.347498 0.732204 1.131618 -0.369728 0.292317 0.298908 0.569264 0.153612 0.314789 0.165115 -1.310536 0.085295 -0.367035 0.883060 0.175965 -0.514175 -0.361168 -0.405597 0.600743 1.078644 -0.668353 -0.157634 1.031432 -0.186706 -1.020061 0.247869 -1.167577 0.745313 0.860896 -0.741168 0.672951 0.592907 -0.720846 -0.105743 0.399803 0.151916 -0.523169 -0.159718 0.192465 0.576872
- 0.399267 0.062594 0.108600 -0.114694 -0.582781 0.505149 0.900418 0.586268 -0.845524 -0.137945 0.328233 -0.731482 0.791463 -1.149770 0.252991 -0.497994 0.081918 0.094927 0.521980 0.828004 0.612981 0.417677 -0.369005 0.599330 0.375577 0.011370 -0.215788 0.693787 0.127656 -0.346773 0.650417 0.391659 -1.121779 0.778337 -0.611310 -0.057277 0.343075 0.517543 -0.662915 0.955238
CatchClause -0.655423 -1.511347 0.495029 0.370681 1.265153 0.878800 0.798208 -0.242765 0.844224 -0.075790 0.055670 -1.179969 -0.145786 -0.483319 -0.017853 0.987916 0.786625 0.261054 0.378727 0.116837 -0.466685 0.197895 0.817067 -0.401823 0.585544 -0.493683 -0.090666 0.029169 -1.037907 0.105225 -0.655486 -0.570678 0.834201 -1.675883 -1.567472 0.330756 0.458839 -0.507952 -0.625748 -0.501305
CatchClauseParameter -0.388259 -1.520695 0.408387 0.560450 1.073937 1.087672 0.576272 -0.256146 0.715605 -0.049069 0.220182 -0.961004 0.240915 -0.395546 -0.206475 1.191124 0.851274 0.220734 0.320298 0.111380 -0.141236 0.473479 0.869410 -0.584007 0.285344 -0.635831 -0.237225 0.252064 -0.858606 0.105654 -0.637173 -0.325508 0.711091 -1.785646 -1.768378 0.272354 0.330798 -0.403025 -0.684673 -0.808988
ForControl 0.014717 0.705907 0.598207 -0.608599 -0.143479 0.288324 0.627363 0.170615 0.350363 0.532490 -0.946922 -0.379778 0.337042 1.365910 0.544447 0.960586 0.174809 -0.223206 0.522001 0.145001 0.024263 0.045177 0.622950 -0.852450 -0.142670 0.972333 -0.864820 0.608214 1.475150 0.065800 0.665893 0.795513 -1.019653 -0.314378 0.774468 0.294042 -0.604651 -0.481658 0.324383 -0.026286
ForStatement -0.169287 0.593259 0.665007 -0.676804 -0.044285 0.063437 0.742171 0.115030 0.386060 0.583838 -0.902937 -0.597819 0.401434 1.498164 0.496956 0.950463 0.032094 -0.056888 0.379952 0.190967 -0.135889 0.170333 0.411547 -0.639295 0.062296 1.124615 -0.813309 0.379574 1.287473 -0.235359 0.610136 0.715782 -0.874282 -0.454932 0.724392 0.197814 -0.486270 -0.339987 0.182748 -0.041364
TryStatement -0.213911 -0.567295 0.388276 0.709003 0.297382 0.283437 0.811199 0.353015 0.123060 -0.353584 -0.162177 -1.217957 0.610475 -0.375594 -0.289144 0.302030 0.118546 -0.777696 -0.653608 0.138705 -0.366257 0.529617 0.956677 -0.345265 -0.023932 -0.058550 -0.251841 0.220954 -0.635699 0.067282 -0.414886 -0.110632 0.277765 -1.866137 -1.129396 0.443081 0.654183 -0.207664 -0.610502 -0.053533
VariableDeclaration 0.045355 0.847862 0.695328 -0.497141 -0.038515 0.318043 0.599019 0.190868 0.364713 0.559915 -1.075649 -0.516120 0.065056 1.139467 0.483782 0.950891 0.041137 -0.217366 0.442757 0.479586 -0.013231 -0.051799 0.708265 -0.705714 -0.079007 1.015333 -1.153094 0.594612 1.390635 0.119187 0.632435 0.782210 -1.042227 -0.069705 0.835995 0.511099 -0.532270 -0.559202 0.177115 0.119678
ClassDeclaration 0.631316 -0.271340 -1.509069 0.882201 -0.460085 0.961082 1.391960 0.559783 -1.194477 -0.414634 1.628305 0.020934 0.859763 0.165457 0.297293 0.028868 0.777713 -0.902176 0.205306 0.483218 -0.731073 -0.684067 -1.462574 0.027303 0.281083 -0.802366 -0.490099 -0.964674 -0.832838 0.364577 -0.304545 -0.004492 0.733683 -1.101070 -0.065754 -0.379963 1.224035 -0.107610 -0.104332 -0.269884
ConstructorDeclaration -0.004077 0.007863 -1.049987 0.933744 -0.811429 -0.315890 0.168301 0.863560 -0.948132 -0.410976 1.635002 0.154466 0.319350 0.830353 0.324008 0.134466 -0.109278 -1.039589 -0.033642 0.416665 0.159817 -0.452390 -0.051748 -1.229452 1.817895 -1.408876 -0.413597 -0.283852 0.423564 0.843333 -0.058403 -0.210460 0.764519 -1.334114 0.319616 -0.473984 0.963114 1.407426 0.438610 -0.508223
> -0.388778 0.915467 0.328402 0.108805 0.196904 0.279451 0.045484 -0.373091 -0.490268 -0.282599 -0.870148 0.591354 0.556094 -0.184820 0.205702 -1.173872 0.115553 0.048109 0.357612 0.369821 -1.005873 -0.134587 0.382229 0.353672 -0.967864 1.064331 0.998524 0.706208 -0.839685 -1.005578 -0.165958 -0.176102 -0.669363 0.564085 -0.853869 -0.311952 -0.398700 -0.694410 -0.002230 0.864013
PackageDeclaration 0.667794 -0.630436 -2.659607 0.604123 -0.971380 0.146530 0.888419 -0.341681 -1.021182 -0.382935 2.809793 0.066582 1.664495 -0.068487 0.573260 0.250266 0.837303 -0.454276 -0.306430 0.422409 -0.448443 -0.938951 -1.961752 -0.756804 0.525109 0.639626 0.596098 0.002555 -1.876423 0.500202 -0.052610 0.028277 0.865667 -0.574645 0.630343 -0.743556 0.975104 0.783879 0.459960 -0.681292
|| -1.182205 0.395385 0.055232 0.243362 -0.226570 1.010017 -1.107225 0.384865 0.895448 -1.134131 0.871677 0.078141 -0.254791 -0.959332 -0.868630 -0.461301 -0.312909 -0.273089 -0.139287 0.096639 -0.442599 -0.528341 0.545883 1.038672 -1.486584 -0.260727 -0.533024 1.192365 0.123844 -0.915483 0.473925 1.061618 -0.373672 0.741137 -0.134056 0.741670 -0.731576 -0.564880 1.098251 -0.031725
TernaryExpression -0.326450 -0.400756 0.769289 0.275840 0.450396 1.491068 0.128521 -0.311380 -0.279382 0.209777 -0.249858 0.993184 0.398172 0.038468 -1.511828 -0.785526 -0.349932 -0.450511 -0.446863 -0.547677 0.653472 0.040977 0.774005 -0.807600 -1.729674 0.480296 0.251811 1.186656 -0.280876 -0.325879 -0.556731 -0.182428 -0.259087 0.609673 0.125159 -1.110606 0.609730 -0.997522 -0.710360 0.310447
WhileStatement -0.208490 0.247840 0.009502 0.662177 -0.193817 -0.728668 -0.058210 -0.326677 -0.506028 -1.208807 -0.465232 -0.311567 0.190872 -1.048493 -0.230076 -0.709705 -0.561056 0.549360 -0.519963 1.549391 -0.648049 0.875527 0.583556 0.114592 -0.379987 0.260982 0.556625 0.337616 -0.425665 0.113033 0.200741 0.002668 -0.340521 -0.007994 -1.255914 0.875700 -0.107437 -0.141954 0.056018 1.768478
ArrayCreator 0.016527 -0.906745 0.160442 -0.971453 0.012778 -0.291376 0.925994 -0.131145 0.283862 -0.003090 0.266914 -0.199970 0.527686 0.615582 -0.421554 1.199255 0.510018 -1.057421 -0.763007 -0.199462 -0.296456 0.004279 -0.612466 -0.625502 -0.917053 0.313771 -0.420239 -0.461117 -0.161164 1.338778 -0.410550 -0.575207 0.266862 -0.215679 0.546740 0.200951 0.477581 -1.404196 -0.525138 0.442744
BreakStatement 0.024250 0.150665 0.612430 0.676547 -0.296628 -1.138399 -0.087274 -0.354445 -0.342043 -0.115879 -0.748326 0.199985 -0.795928 0.680500 0.095818 -1.195271 -0.658152 1.242760 0.375444 0.048535 -0.749968 -0.013482 -0.629276 2.243124 0.670564 -0.993536 0.285516 -1.428781 -0.040587 -1.420677 0.513576 0.256716 0.252602 0.058223 -0.763368 0.185838 -0.072308 1.266985 0.397084 -0.396704
SuperMethodInvocation -0.609627 0.223714 -0.749461 0.573360 -0.729158 1.347949 -0.176188 -0.047302 0.803816 0.683059 0.552166 -0.973489 -0.325407 -0.076474 -1.148588 0.124120 0.032429 0.463872 0.169274 -0.787773 0.497623 -0.106595 0.065018 -0.658746 -0.098032 0.240264 -1.537121 0.553394 -0.309335 -0.321894 -0.672458 -0.273571 -0.013676 -0.640890 -0.563910 -1.079974 1.098301 0.610038 0.217014 -1.374859
SwitchStatementCase 0.047081 -0.843158 0.024447 -0.481309 -0.048436 -0.653383 0.208336 -0.802267 0.412189 1.360855 -0.327001 -0.011550 -0.922562 1.308928 -0.458009 -0.761694 -0.890942 1.081013 0.315946 0.041848 -0.287906 0.069190 -2.053196 1.738132 -0.300613 -0.232526 -0.367528 -1.596601 0.006381 -1.498251 0.266205 0.168200 1.230198 0.435016 0.345425 -0.720025 -0.054989 1.479838 -0.045379 -0.851102
+= 0.376189 1.029907 -0.622828 0.212420 0.363041 0.501813 -1.571077 -0.117088 -0.739145 1.513203 -0.700917 0.668760 0.158421 -1.065531 0.205827 -0.461591 -0.260973 0.012463 -0.231953 -0.056388 -0.393446 0.848348 0.087210 0.635600 -0.079563 0.094122 1.297996 -0.950323 0.753003 -0.074961 -0.404672 0.105652 0.544274 -0.459286 -1.056895 0.495805 -0.536292 -0.928364 0.464136 0.484827
ArrayInitializer 0.883822 -1.399131 0.319955 -0.449554 0.597633 0.042040 1.155961 0.798590 0.819145 0.090486 0.614932 -0.054570 -0.200043 0.410878 -0.315282 1.396470 0.235621 -1.184694 -1.069796 -1.072166 -0.065012 -0.406261 -0.283020 -0.173564 -0.144373 -0.778536 0.172548 -0.636677 -1.070762 1.316696 -0.952987 -0.841116 0.279205 -0.128322 1.012431 0.170102 0.543899 -1.152399 -0.856956 -1.395902
SuperConstructorInvocation 0.337642 0.532534 -1.750371 1.265650 -1.602787 -0.294201 0.018450 0.744837 -0.222428 -0.636622 1.098371 -0.237835 -0.485761 -0.141843 0.340353 0.373982 0.412237 -1.009968 0.202198 0.386655 0.032394 -0.615331 -0.087234 -0.767184 1.669340 -1.213100 -0.831765 -0.004848 0.251525 1.263789 0.119461 -0.519041 0.126228 -0.952481 0.049239 -0.160665 1.074860 0.821012 0.226876 -1.083874
instanceof 0.227641 -0.856784 0.341361 0.733653 -0.179996 0.135137 -0.287156 -1.222907 0.910001 -0.881095 -0.809734 -0.031617 -0.880434 0.231812 -0.936915 0.672368 0.264875 0.993918 -0.192101 -0.842795 0.234226 0.642459 -0.194411 0.063956 -0.519472 -0.811375 -0.797398 0.254086 -0.095887 -0.557229 0.296360 -0.138583 -0.629049 -0.549345 -0.507484 0.956314 0.598204 -0.814088 0.345696 -1.198185
-- 0.123632 0.170031 0.131604 0.970826 -0.025506 0.262501 -0.025924 -0.351325 -0.156119 -0.506423 -0.523620 0.072846 -0.064850 -0.340193 -0.235812 -0.236440 -0.402154 1.389700 1.099769 1.454268 0.555247 0.280072 0.097274 0.649209 0.213851 0.839574 0.197057 0.403731 0.959982 -0.030457 0.668589 1.278417 -0.383709 0.671389 0.022588 0.107806 -0.700282 -0.248174 -0.228639 0.823949
>= -0.263101 0.210688 0.104698 -0.008422 0.394472 -0.575144 -0.733388 -0.781621 0.461079 -0.763529 -0.698143 -0.216382 -0.135821 -1.131518 0.383155 0.714880 0.429036 1.023390 0.431483 0.634399 0.318880 0.380537 0.759904 0.398278 0.311999 1.126679 0.977604 0.495805 0.624203 0.908286 0.365923 0.622497 -0.415776 0.845592 -0.067945 1.247056 -1.476035 -1.152602 0.011211 1.302448
ClassReference -0.465223 -0.356527 0.042388 -0.765974 0.067335 -0.785502 -0.554452 0.747938 1.572029 0.180041 0.757057 -0.351747 0.147942 0.346903 -0.296762 1.150840 0.181642 -1.398838 -1.222084 -1.099147 -1.268452 -0.184531 0.894254 -0.043420 -1.054528 0.138347 0.021479 -0.297650 -0.996266 1.132544 -1.258197 -0.573484 0.698291 -0.911028 0.037138 0.632500 -0.482174 -1.059881 -0.011991 -1.109417
<= 0.000128 0.519397 0.583963 -0.467141 -0.328624 -0.101857 -0.852239 0.049031 -0.385698 -0.486857 -0.873221 0.452257 -0.230020 -0.215908 0.556382 -0.048246 0.561384 0.415803 0.890953 0.330913 -0.013065 0.033509 0.366904 0.907397 -0.256446 0.199754 -0.118420 0.203628 2.087036 0.471144 1.328341 0.442801 -1.086727 1.234716 -0.036087 1.015296 -0.917098 -1.424180 -0.004377 1.264243
ConstantDeclaration 0.591592 0.017454 -1.074483 -1.990891 -0.040222 -1.366720 0.073055 -1.530886 -0.117623 0.592326 -0.019907 0.527238 0.916160 1.567647 0.580110 0.654265 0.403238 0.623754 -0.484961 -0.298583 -1.400154 -0.096724 -2.720039 -0.955143 -0.562090 2.296461 0.122338 -1.657410 -1.188276 -0.243404 -0.846307 -1.245342 0.566053 0.449974 1.197041 -0.524275 -0.433390 -0.050587 0.764358 0.291946
* 0.028577 -0.052421 0.179766 -1.224440 0.144580 -1.712385 0.571783 0.492022 1.350999 0.319547 -0.526333 -0.183667 -0.887196 -0.462771 -0.753009 0.284766 -0.557041 -0.335787 -0.180403 -0.663156 1.204081 0.380436 -1.129708 0.024040 -0.231572 0.758611 -0.450893 -0.074414 -0.076597 0.104932 -1.025971 -0.917780 0.116203 0.912605 1.321488 -1.033211 0.447523 -0.121754 -1.727596 -0.237487
& 1.520366 -0.543631 -0.027919 -0.154199 0.533318 1.035869 -0.274885 -0.565927 -0.803032 1.016901 -0.281665 0.962117 -0.252277 0.928163 0.420700 -0.910868 -0.278019 1.902128 -0.503248 -0.157945 -0.434052 0.076611 -0.057956 0.143140 -0.201215 0.046272 0.838949 -0.632688 -0.909253 -0.413801 0.435910 -0.203668 -0.617208 1.754539 0.730775 -0.442084 -1.096353 0.637589 0.772180 -0.052485
ExplicitConstructorInvocation -0.310649 -0.470962 0.385046 -0.292004 0.228524 -0.508799 -0.959067 -0.217650 -0.451151 -0.459582 1.342843 0.363414 0.492881 2.125893 0.031461 0.564215 -0.568307 -0.529512 -1.014671 -1.236377 1.042346 0.057975 0.134348 -2.014398 1.407335 -1.190631 -0.495091 -0.693904 1.190958 0.453808 -0.123018 0.143906 0.827470 -1.038883 0.824277 -0.251215 0.493988 1.399261 1.527966 -0.258190
ContinueStatement 1.181889 -0.069988 0.272931 0.399435 0.397273 -1.084353 -0.142774 0.299239 0.892034 0.247428 -0.361519 0.020671 0.110528 -0.353997 0.728821 0.429070 -0.111744 0.763160 -0.433444 -0.369966 -0.956532 0.626382 0.506403 0.219795 0.730471 0.111479 1.370188 0.051989 -1.339860 -0.465791 -0.357961 0.090388 -0.412070 -0.122103 -0.073160 0.969539 -0.971026 0.407035 0.079641 -1.802559
SwitchStatement 0.334146 -0.755604 0.731346 -0.110816 -0.457395 -0.733850 0.391543 0.604779 0.304806 0.755641 -0.107823 -0.787477 -0.181196 1.178699 -0.989868 -0.284819 -1.552517 0.913433 -0.302801 0.504387 0.371254 0.880892 -1.046312 0.331200 0.013064 0.198971 -0.972655 -0.521175 0.295318 -0.837758 0.045644 0.375861 0.304607 -0.017016 0.101229 -0.835634 0.246546 2.012870 -0.292932 -0.587301
<< 1.119453 -0.281417 -0.078847 -1.125715 0.209832 -0.501638 -0.193202 0.249022 0.236393 1.421606 0.124605 0.887212 -0.317721 -0.996218 0.135159 -0.337801 -0.825650 0.121354 0.122683 0.275743 0.739687 0.112665 -0.461694 0.415938 -0.259393 0.147463 1.224261 0.822637 -0.728957 0.231275 -0.366161 0.339905 -0.308416 1.969837 1.815969 -0.026988 -1.084203 0.633661 -0.551545 -0.359061
InterfaceDeclaration 0.110216 -0.173614 -2.054559 -0.273898 -1.169678 0.764547 -0.579649 -0.805873 -0.749771 0.626025 1.696975 1.076271 0.386014 0.404769 -0.264923 -0.500518 0.850106 -0.373830 0.057388 -0.836461 -0.028510 -1.293179 -1.508202 -0.600854 -0.661234 0.230210 -0.095135 -0.511869 -0.555481 0.920135 -0.393682 -0.710460 1.425255 0.666323 1.026035 -1.331765 0.646283 0.397354 0.704731 -0.461664
>> 0.364207 -0.296131 -0.019400 -1.150913 0.530479 -1.136900 -0.584472 -0.248106 0.552835 0.830140 -0.782765 0.100650 -0.905067 -0.231834 1.288281 -0.035865 -0.308900 1.046869 -0.614904 0.603895 -0.662808 0.060698 1.312813 -0.448918 0.411069 0.288044 1.361738 -0.243115 -1.091847 1.112299 0.047619 -0.972145 -0.019687 1.892930 0.638840 0.020156 -1.765454 1.080365 0.311408 0.483724
SynchronizedStatement 0.458510 -1.180794 -0.152556 0.388599 -1.119744 -0.100275 -0.991279 1.448769 -0.380508 0.430555 0.675350 -0.929246 0.799278 -0.825161 -0.163737 0.014869 0.050517 -0.085397 -0.624060 -0.039562 0.140099 0.378251 1.252091 -0.599954 0.814706 0.121923 -0.179345 -0.383089 0.615874 2.431301 0.370724 -0.672314 0.467439 0.139657 -0.739814 -0.416958 -0.127663 0.347103 -1.132336 0.459931
/ 0.442718 0.439844 0.373120 -1.155501 -0.105651 -0.840952 0.556801 -0.016612 -1.236168 0.277886 -0.609575 1.080502 0.058524 0.429620 0.266711 -0.455169 -0.245511 -0.644656 -0.236354 -0.721764 1.515671 -0.105562 -1.255199 0.092736 0.549997 0.076970 0.551221 -0.128340 0.435495 -0.061953 -0.100145 -0.807297 -1.049220 1.540405 1.223755 -1.162837 0.787705 0.239984 -0.752189 1.008993
SuperMemberReference 0.089118 -0.179441 0.926916 0.193084 0.165005 -0.208381 -0.238824 -1.133324 0.112678 1.385024 -2.156446 1.373266 -0.561183 2.293317 -0.602055 -1.201341 -0.677641 1.502693 0.440472 0.995415 -2.244972 0.182199 0.434870 -0.467807 -1.307193 1.326983 0.572213 0.936512 -0.086353 -1.929148 0.287403 -0.637481 -0.455485 0.186593 -0.411325 -0.568084 -0.791391 0.012419 0.091538 -1.202931
~ -0.017084 -0.405663 0.644537 0.485697 -0.077989 -0.751808 0.517614 0.440145 0.159000 0.032091 -0.550531 0.146004 -0.257724 0.772081 0.254749 -0.596864 -0.196192 -0.303531 0.911220 0.883858 -0.468243 -0.576831 0.541291 0.321811 -0.157861 -0.037572 0.197873 0.593775 0.253963 -0.245179 0.551431 0.245187 0.038677 -0.148699 0.150275 -0.355028 -0.178207 0.536117 -0.880161 -0.446779
-= 0.412385 0.834700 -0.734491 0.385558 -0.545148 -0.776713 -1.525221 0.162477 -0.693125 1.050220 -0.385739 0.693968 -0.855588 -1.014933 0.151475 -1.096040 -0.685276 0.783481 0.943955 0.269276 0.824817 0.296839 0.163874 0.686653 1.045632 0.096247 0.954173 -0.167215 0.575480 0.629462 0.034872 0.122338 0.396164 1.197048 0.163716 -0.756676 -0.593553 0.879948 -0.194556 0.549689
|= 1.255677 -0.409720 -0.569639 -0.076689 -1.160820 -2.012033 -1.335513 0.302031 0.588061 0.464514 0.069068 -0.197966 -1.154984 -1.449145 0.365694 -0.933650 -0.130055 1.041596 1.355412 0.130544 0.151597 0.322112 -0.512756 1.005052 0.140006 -0.457486 -0.435777 0.675187 0.100923 0.577274 0.113015 -0.270049 0.206677 0.788275 -0.122378 0.500348 -0.638890 1.426451 -0.859199 -0.804891
| 0.934162 -1.337038 -0.558717 -1.178867 0.318547 -0.228946 -0.312208 -0.492344 0.357416 1.526695 0.608680 0.719585 -0.603372 -0.589324 1.273882 0.379358 0.940078 0.447806 -0.648919 -0.523001 0.876621 0.011138 -0.768652 -0.378731 0.642123 -0.061503 1.087405 0.051220 -0.570057 0.448327 0.427705 -0.954015 -0.258720 1.411589 1.517277 -0.104177 -0.597626 0.569259 -0.485469 -1.310090
DoStatement -0.824555 0.484348 -0.377902 -1.303982 0.556301 0.374233 0.208288 0.814603 1.207131 -0.384389 0.443657 -1.190247 0.033745 -1.955851 0.419776 0.643532 0.152226 -0.675802 -0.118839 -0.127799 0.363100 -0.186307 0.131432 0.016361 0.046551 1.015306 -0.063165 0.425494 -0.453154 0.201826 -0.312731 0.081213 -0.126089 0.631781 0.575971 0.246858 -0.546136 -0.437376 -0.288024 0.851843
^ -0.144820 0.712539 0.089032 0.349727 0.029227 -0.902394 -1.141688 -0.612765 0.750221 -1.503926 -0.395078 0.436556 -1.330503 -0.750700 -0.367827 -1.191153 -0.687817 1.166702 -0.070232 -1.008087 0.569306 -0.222273 0.721495 0.926250 -0.632333 -0.054859 0.833105 0.554988 -1.502226 -0.288050 -0.155002 0.312380 -0.074454 1.715790 0.796450 0.105433 -1.007564 0.872505 0.836828 0.638313
% 0.918273 0.442357 0.637226 -0.322785 0.654474 0.725191 1.211866 0.543456 -0.011977 0.066613 0.298201 1.101866 0.205329 -0.381685 -0.234730 -0.308608 -0.138184 -0.087983 0.442478 -0.615349 1.686928 -0.256598 -0.982295 0.808276 0.017081 0.197290 0.672681 0.628812 0.218550 -1.282823 -0.059868 0.576854 -1.404373 1.601576 1.333409 -0.698285 0.198841 -0.599369 -1.221835 -0.607265
<<= -0.820762 0.457010 -0.114127 -0.814615 0.254855 -2.091136 -1.579652 0.550893 0.526905 0.873333 -0.420420 0.323911 -0.959236 -1.021096 0.225468 0.020068 -0.825194 0.609857 0.363688 1.102609 -0.037932 0.590309 0.479973 -0.651153 1.747233 0.536811 1.369588 -0.490596 0.691898 1.323975 -0.510795 -1.399822 0.910237 1.149111 -0.482792 -1.174741 -0.882749 0.567135 -0.775815 1.140729
&= -0.056947 0.055390 -0.048790 -0.963918 -0.887587 -0.611460 -0.430384 -0.440311 0.337304 1.449651 -0.309839 -0.180626 -0.084186 0.667442 -0.815589 -0.141302 -0.436853 -0.117362 -0.383986 -0.000975 0.054165 0.207048 -0.388106 -0.372960 -1.046829 0.344257 -0.819010 0.409632 0.307041 -0.013994 -0.207307 -0.412862 0.049897 0.544777 0.371617 -0.483642 0.224538 0.818916 0.327487 -0.433958
>>= 0.534282 -0.358900 0.274887 -0.943750 0.545524 -1.169007 -1.168929 0.048238 0.041750 1.706855 -0.487628 1.146991 -0.697507 0.371647 0.456311 -0.349781 -0.797536 1.139984 0.534103 0.783915 -0.258043 0.256289 -0.104948 -0.088713 0.367022 0.288401 1.123459 -0.170362 0.539896 -0.032427 -0.064187 -0.294275 0.933700 1.048467 0.448100 -0.387362 -1.520297 0.875949 -0.276375 -0.094252
>>> 1.310692 -0.464389 -0.647447 -0.371154 0.865562 -0.279512 -0.295704 -0.057619 -0.159105 0.700617 -0.805184 1.661192 -0.550342 0.471904 0.184028 -0.677389 -0.676649 1.362015 -0.272847 0.431146 0.353475 -0.100581 -0.630994 -0.819878 -0.495230 1.846981 1.670673 -0.038929 -0.236125 0.182759 0.039509 -0.891652 0.119232 2.379686 1.833841 -1.780053 -1.184412 -0.674132 -0.804171 0.581306
Statement 0.307718 0.743856 -0.712529 1.155307 -1.858793 -0.871233 -0.223612 0.791404 -0.687214 -1.230344 0.969322 -1.006494 0.567689 -0.886626 -0.155684 -1.140022 -0.466179 0.240468 -0.189019 0.247942 -0.071165 -0.053084 0.176116 0.339239 0.820251 -0.096036 -0.200894 0.167183 -0.573140 0.556568 0.261425 -0.073954 -0.460048 0.124022 -0.794676 -0.272819 0.626270 1.573467 0.262903 0.562844
^= 0.061294 -0.536738 -0.520135 0.111385 -0.025854 -1.089888 -1.983139 -0.813596 -0.345402 0.251651 -0.136524 1.932659 -0.541040 -0.254449 0.041945 -1.138373 -0.474771 1.584699 0.885594 0.767757 0.275043 -0.029818 -0.013057 0.064652 0.212138 1.075590 1.664697 0.335232 1.128204 0.176132 0.492174 0.036918 0.764793 1.761008 0.468601 -0.588083 -1.405558 0.099695 -0.169546 0.747878
/= -0.453105 0.579416 0.747768 -1.775572 0.665222 -0.901874 -1.004655 0.995063 0.986275 0.743961 -0.579480 -0.312499 -0.673526 -0.053482 0.516232 0.921288 -0.521646 0.710035 0.490391 0.364657 0.416231 0.684869 0.232724 -1.433245 0.715365 0.721519 -0.679024 0.183052 1.640607 0.239286 0.031776 -0.519729 0.026232 0.592769 0.389947 -0.084003 -1.429592 0.557655 -0.139563 0.494370
*= -0.209387 0.270310 0.175548 -0.269247 0.302732 -0.624823 -0.929661 0.179201 0.124357 1.086461 -0.651039 0.224182 -0.526603 -0.547396 0.259156 -0.382225 -0.307829 -0.132817 0.213991 -0.015613 -0.122933 0.227698 0.446832 0.723814 0.268277 -0.311627 0.858116 -0.264797 0.248163 -0.080366 -0.440845 -0.177646 0.664387 0.052398 -0.538658 0.158452 -0.570799 0.311567 -0.207352 0.008193
%= -0.308701 -0.844942 -0.048650 -0.090674 0.530533 -0.786859 -1.257111 -0.295972 0.832694 0.118288 -0.296716 0.044196 -0.648931 -0.983853 0.154245 0.673584 0.223143 0.869279 0.587487 0.402530 0.428052 0.382193 0.515782 -0.033675 0.225360 0.346532 0.523607 0.193236 0.721914 0.786486 0.124073 -0.150288 1.024917 0.240724 -0.275624 0.374759 -0.939807 -0.421611 -0.639038 0.142794
<unk> 0.002923 -0.003527 0.039392 -0.003951 0.027290 0.007024 -0.018197 0.003932 0.019115 0.018262 -0.040901 0.008027 -0.022230 -0.011218 0.003341 0.005320 -0.008807 0.006519 0.012567 0.003466 0.013130 0.022996 0.040823 0.002921 -0.006726 -0.001980 0.006089 0.016651 0.028314 0.003427 0.006914 -0.002731 -0.015864 0.014333 -0.009619 0.011773 -0.024300 -0.026060 -0.014980 0.009789
