MemberReference 0.202939 -0.148294 -0.118973 0.344197 0.402035 -0.302960 0.230967 -0.212725 -0.037234 0.306863 -0.006586 0.217441 -0.093306 0.190688 -0.010559 -0.176678 -0.660810 0.149502 0.034003 -0.207059 -0.075753 -0.173845 0.016580 0.307074 0.672924 -0.721495 0.369212 -0.260568 -0.147193 0.123203 -0.259618 -0.125786 0.146423 0.271669 0.121855 -0.515798 -0.250670 -0.267880 -0.429017 0.529799
ReferenceType -0.101145 0.207973 -0.703298 -0.353144 0.287039 -0.446296 -0.134044 0.116035 -1.339951 0.278797 -0.078001 0.443049 1.264339 -0.042618 0.249588 -0.230267 0.862574 0.273202 0.110153 -0.989724 0.143979 0.584748 -0.283061 0.566959 -0.243908 -0.024524 0.683603 0.547729 1.071406 0.218587 0.548882 -0.208272 0.331120 1.399562 -0.032238 0.706062 0.683903 -0.180586 -1.809407 -0.228215
Literal -0.602216 -0.494349 0.142515 0.074476 0.324837 0.106012 -0.369653 0.070798 -0.439929 0.392401 0.279106 -0.097455 0.092265 0.184170 -0.319744 0.071731 0.187020 0.341242 0.244012 -0.332106 0.143677 0.052036 0.625012 -1.260614 -0.002286 0.051166 -0.288337 0.450305 0.568673 0.040860 -0.497012 0.167091 -0.041716 0.163289 -0.057602 0.047350 -0.607469 0.370650 -1.048076 0.871800
MethodInvocation -0.682109 0.409450 -0.192920 -0.505673 0.111753 0.493955 0.139114 0.210208 -0.696322 0.582316 -0.150248 0.796877 0.156509 0.057453 0.017428 0.228775 -0.295918 0.304842 0.127551 -0.149995 0.363064 -0.545482 -0.061016 0.333149 -0.160653 -0.111565 0.316130 0.402524 1.164521 0.374388 -0.733172 -0.193659 0.179642 0.217111 -0.037386 0.038827 0.122596 -0.476434 -0.849430 0.405709
StatementExpression 0.157093 0.256041 0.368789 0.108381 0.024721 -0.357006 0.827154 -0.154582 0.455270 -0.310535 -0.077322 0.171703 0.358802 0.023437 -0.029075 -0.006803 0.206545 0.292753 0.225833 -0.281668 0.152397 -0.600224 -0.139529 0.527941 0.598458 -0.737305 -0.058489 -0.266976 0.601417 -0.190446 -0.298903 -0.720902 0.422681 0.407139 0.398925 -0.196392 -0.165954 0.126531 -0.114945 0.466409
BinaryOperation -0.162815 0.307373 -0.054842 0.357522 0.166767 0.167437 -0.941868 -0.298879 -0.388294 1.390313 0.100724 1.209076 -0.244104 -0.272400 0.475998 0.285386 -1.416574 -0.699993 0.804457 -0.159082 -0.198632 0.082086 0.081144 -1.113715 0.285944 -0.053285 0.011943 0.021440 -0.404929 0.416716 0.176278 1.093685 -0.065723 0.220181 -0.633032 -0.285192 0.134597 0.180544 -0.085255 0.236532
BlockStatement -1.068526 0.726905 -0.075565 0.416223 -0.304873 -0.182682 -0.036027 0.321097 -0.926028 0.623432 0.080348 1.301372 -0.122384 -0.412120 0.162008 0.056498 -1.016627 0.597356 0.493109 -0.302151 0.230117 0.040206 -0.332149 0.036773 0.235793 -0.574016 0.278166 -0.129096 0.592799 -0.381932 -0.467268 0.422038 0.145491 0.230219 0.540354 -0.368405 -0.167136 -0.683984 -0.160316 0.254846
VariableDeclarator -0.090266 -0.420559 -0.104645 -0.315463 0.039402 -0.155469 -1.215785 0.714617 -1.519895 -0.077547 0.242339 -0.259283 1.282939 0.295697 0.338204 0.361573 0.166256 0.894631 -0.600805 -0.086307 -0.253395 1.500327 0.130750 0.332073 -0.599428 -0.065899 -0.473192 0.464534 0.386400 0.052312 -0.038182 0.105622 -0.170648 0.517806 -0.647981 -0.080597 0.169759 -0.249181 -0.904303 -0.085488
Assignment 0.653278 0.774146 0.515383 0.337830 0.286859 -0.261671 1.152492 0.093834 0.447417 -0.520696 0.070423 -0.160472 -0.169088 0.025802 0.239288 -0.121153 -0.254091 0.248034 0.128667 0.146475 -0.420263 -0.453818 -0.117685 0.529192 0.691129 -0.734849 0.143105 -0.049026 -0.149063 0.051916 0.196280 -0.875791 0.112539 0.360295 0.354103 -0.487393 -0.184043 -0.222647 -0.063212 0.542432
BasicType 0.013403 -0.114156 0.266311 -0.391746 0.025033 0.276940 -0.149851 -0.214313 -0.799048 0.133076 0.093678 -0.610484 1.303924 -0.559976 -0.494481 0.643436 0.421775 0.492781 -1.259182 -0.067597 -0.178930 1.188960 -0.279213 -0.051169 -0.334257 0.293144 -0.039437 -0.033489 -0.423653 -0.335169 -0.046670 -0.270476 -0.315623 0.609725 -1.129826 -0.300434 0.061216 -0.369214 -0.849508 -0.110608
IfStatement -0.770680 0.446525 -0.305169 0.484479 -0.525525 -0.399633 -0.202681 0.158939 -0.392503 0.710831 0.083437 1.693547 -0.018436 -0.489614 0.198867 0.229596 -0.262853 0.434367 0.419705 -0.824667 0.104611 -0.044083 -0.612063 -0.243539 0.226458 -0.246960 0.407044 -0.541252 0.285130 -0.382480 -0.405842 0.251649 0.122421 -0.171194 0.557447 -0.045479 -0.241883 0.077837 -0.590227 0.583554
LocalVariableDeclaration -0.272914 -0.087765 -0.229494 -0.860320 0.226138 0.324473 -0.282974 0.120487 -1.170327 0.265152 -0.124510 0.679368 0.781701 0.067063 0.154164 0.129997 0.021679 0.552221 -0.493127 -0.208953 0.301651 0.925161 -0.016956 0.819185 -0.368653 0.073678 -0.073608 -0.177912 0.540652 0.379365 -0.625857 0.507029 0.162336 0.665304 -0.476696 -0.619035 0.846719 -0.613551 0.014962 -0.643729
MethodDeclaration 0.058157 0.756407 -0.182062 0.175670 -0.019351 0.090423 0.465097 -0.454514 0.151616 0.985125 -0.634302 -0.100637 0.234755 -0.736294 -0.391517 0.574677 1.332561 -0.165314 0.219711 -1.522919 -0.012516 -0.015564 -0.500950 0.329808 -0.165609 0.730105 0.643840 0.054985 0.589988 -0.320882 0.237819 -0.742132 0.185980 0.867333 -0.383729 0.415753 0.084702 -0.408813 -0.846512 0.191013
FormalParameter 0.251050 0.438231 -0.429910 -0.073292 0.129142 -0.377217 0.643092 -0.154719 0.005499 0.575407 -0.411391 0.184231 1.168496 -0.668230 -0.264410 0.611126 1.586484 -0.096665 -0.380695 -1.266849 -0.039701 -0.110721 -0.242216 0.375344 -0.187237 0.957994 0.899941 -0.552835 0.217526 0.486425 0.191103 -0.732620 0.342186 0.778346 -0.896429 0.409044 0.374637 -0.104203 -0.968638 0.692976
ReturnStatement -0.902044 0.009793 -0.793317 0.147110 0.254254 0.044601 0.827301 -0.393553 -0.669794 0.456741 -0.189891 0.419838 -0.707244 -0.721929 -0.869781 -0.613980 0.372110 -0.373126 0.451319 -1.277024 0.681493 0.185009 0.202893 -0.562707 0.044203 0.318128 1.113151 0.562512 0.440467 -0.110718 0.019572 0.027104 0.158379 0.866196 0.275131 0.080040 -0.055493 -0.864220 -1.063702 0.336001
+ -0.634182 0.335042 0.937016 -0.108655 0.767871 -0.245946 -1.199209 -1.106684 -0.833270 1.354189 0.555504 -0.046673 0.363005 0.368799 0.213850 0.099236 -1.078086 -0.536623 1.508413 -0.527034 0.618338 -0.313545 0.478571 -0.138829 1.510193 0.441887 0.115124 0.191332 0.324672 0.973597 -0.477447 0.396003 -0.405798 -0.019743 -0.325518 -0.720871 0.273748 0.799764 -0.289111 -0.382901
ClassCreator -0.370399 0.355120 -0.019572 0.090096 0.303905 -0.819409 -0.129668 0.861722 -1.114996 0.928903 0.289646 0.225940 0.999668 0.796171 0.882362 -0.021687 0.330115 0.038757 0.891549 0.096782 -0.267814 -0.160439 0.315924 0.902086 0.190578 0.570629 -0.073829 0.744859 1.767479 0.823421 0.521235 -0.062297 0.074065 0.645825 -0.393102 0.425799 0.285995 0.280549 -0.836229 0.176842
This 0.471621 0.375180 0.130884 0.041277 0.114373 0.229523 1.971820 -0.243513 0.140971 0.589793 -0.178855 0.378869 0.078527 0.765268 0.401014 -0.605147 0.688929 -0.475991 -0.333333 0.011001 -0.590423 -0.601126 -0.722720 0.631286 1.274579 0.582316 0.291158 0.274357 0.444752 -0.049519 0.920327 -1.632921 -0.650036 0.124174 -0.254664 -0.557568 -0.345459 -0.529832 -1.387563 0.977534
FieldDeclaration 0.023064 -0.772360 0.547564 -0.178452 0.341914 -0.692755 -0.994113 0.556177 -0.559593 -0.924971 0.360856 -2.301025 0.912115 0.487457 -0.139349 0.451446 1.915303 -0.042766 0.180684 -0.044129 -0.656812 0.834695 0.539213 0.075088 -0.704340 0.565501 -0.193410 1.764400 0.196285 -0.365909 1.588204 -0.987462 -0.824585 0.722696 -0.904373 1.200326 -0.837256 1.011114 -1.625128 0.581988
Import 0.475101 -0.676190 -0.415539 -0.194200 -0.617929 0.804781 -1.203775 2.001349 0.393899 -0.585073 -1.517158 -2.176603 0.789949 0.292671 0.907780 0.311066 3.097868 0.212426 -0.207803 -0.563637 -0.314555 0.725809 0.044050 0.215274 -2.043597 0.508253 -1.679553 1.056993 1.023400 -1.243976 0.940584 -0.495909 0.006146 1.514095 -0.367787 2.602170 -0.251594 0.010813 0.419750 -0.236506
!= -0.409730 0.068703 0.406082 -0.140024 0.325094 -0.802653 0.347024 0.187210 -0.500046 0.413045 0.089652 1.728136 -0.823158 -0.464671 -0.212784 0.299652 -0.574130 -0.246528 1.222071 -0.987180 -0.588872 0.648627 0.658551 -0.169433 0.074070 -0.014272 1.404919 -0.587205 0.004773 0.274370 -0.464027 0.827923 -0.076264 0.435858 -0.149694 -1.106571 0.175842 -0.353405 0.008516 1.128609
ArraySelector -0.246331 0.428946 0.947650 0.556519 -0.460309 -0.159797 -0.033373 -0.663727 -0.285827 -0.613213 1.069690 -0.002245 -0.293814 -0.331510 -0.375764 -0.139065 -2.417286 -0.461228 0.358787 -0.372290 -0.803556 0.091191 0.647964 -0.188330 0.619742 -0.592158 1.131362 0.161218 -0.409156 0.212968 -0.924247 0.140004 -0.027255 0.141046 0.883261 -0.609339 0.584574 -0.440701 -0.412186 0.506188
== -0.003130 0.591868 0.129409 -0.217421 -0.418638 -0.057052 -0.066898 -0.139435 -0.264711 0.922331 -0.126796 1.638168 -0.449087 0.386960 0.399813 0.336419 -0.357389 -0.170400 0.375975 -0.693334 -0.401921 -0.151691 -0.789427 -0.915160 -0.073907 0.378938 -0.120413 0.288153 -0.070904 -0.178266 -0.343770 0.190689 0.048984 -0.109564 0.840633 -0.248470 -0.150146 0.351054 -0.512824 0.489998
++ -0.461116 0.454940 0.415681 1.087432 -0.393036 0.188276 0.212611 0.047267 -0.782858 0.255717 0.522805 -0.048315 0.429887 -0.393018 -0.076588 -0.853261 -1.926723 0.461310 -0.339493 0.264374 -0.221316 0.264637 0.195128 -0.055640 0.788750 -0.943694 0.097569 -0.814493 0.061958 -0.533002 -0.684591 0.531678 -0.173725 0.086107 0.540751 -0.692010 0.185381 -0.832064 -0.211597 -0.473641
- -1.113746 0.338418 1.494167 0.162014 -0.046467 1.521571 -0.002771 0.334030 -0.481004 0.160949 0.322051 -0.236826 0.260263 -0.274469 0.265735 0.058392 0.031735 0.265348 0.282032 -0.187461 -0.612383 0.485056 -0.008278 -1.453492 0.277661 0.343580 -0.362268 -0.540627 -0.322358 -1.038799 -0.355012 1.106928 -1.023711 0.849956 -0.064102 -0.046495 -0.249580 0.101984 -0.056170 0.485539
&& -0.661147 0.278528 -0.488257 0.517387 0.128094 0.155146 -0.990491 0.376123 -0.472243 0.712346 0.093674 2.427235 -0.600277 -0.346031 0.666733 1.131254 -0.867010 -0.174436 0.738820 -0.937226 -0.312265 0.190507 -0.763803 -0.321065 -0.051020 -0.452612 0.538207 0.505925 -0.582031 0.221978 -0.538199 0.536383 -0.023587 0.899914 -0.675766 -0.611448 -0.645483 -0.076984 -0.277553 1.897448
ForControl 0.065655 0.633107 0.290249 0.994377 0.052264 -0.527562 0.239364 0.362280 -1.229906 0.937186 0.339129 -0.487573 1.113975 -0.874396 -0.253571 -0.312963 -0.958929 1.521160 -0.533631 0.397812 -0.030977 0.816263 0.665380 -0.824184 0.508648 -0.479344 -0.196221 -1.427346 0.119853 -0.027376 -0.742576 0.745173 0.102619 -0.231084 -0.259244 -1.062948 -0.226014 -0.799733 -0.532135 -0.481317
ForStatement -0.064115 0.336343 0.450461 0.469199 0.390761 -0.331385 0.435275 0.091164 -1.157409 0.725066 0.234337 -0.441065 1.108726 -0.646086 -0.340137 -0.274254 -0.772689 1.502353 -0.622138 0.389264 0.146638 0.761420 0.615987 -0.781391 0.539568 -0.577308 -0.298315 -1.226209 0.231481 -0.024397 -0.950106 0.613175 0.252100 0.023523 -0.410235 -1.049237 -0.172123 -0.554490 -0.497989 -0.602464
! -1.210591 0.984215 -0.098123 0.280041 -0.498600 -0.917626 -0.316981 0.076355 -0.251744 0.067666 0.921025 1.446051 -0.373417 -0.667711 -0.383729 0.953099 -0.401818 0.964347 0.252946 -0.494924 0.094055 -0.133301 -0.450068 0.676162 0.361900 0.326378 1.243174 -0.334541 0.095079 0.167820 -0.724622 -0.091089 -0.045685 -1.012183 0.756068 -0.303019 -0.035857 0.023872 -0.646107 1.259866
ThrowStatement -1.418130 0.359250 0.023872 -0.406068 0.330645 -1.979971 0.063908 0.302561 -1.098198 1.104694 -0.211437 0.908524 -0.315278 -0.080827 -0.062567 0.012807 -0.362218 -0.278765 1.465836 0.357732 0.640993 -1.128580 0.238325 0.292821 0.251436 0.258259 1.570022 -0.076942 1.096003 0.484552 0.249284 0.271040 0.257589 -0.932327 -0.063208 0.637559 -0.849688 0.680957 -0.402641 -0.199698
Cast 0.151409 -0.404929 -0.039078 -1.137626 -0.131263 -0.693802 0.637985 -0.387220 -1.272758 -0.285184 -0.819145 0.369800 0.619469 0.246369 -0.296978 -0.412608 -1.170090 -0.266886 -0.717154 0.380281 0.637902 -0.034750 -0.007216 0.239476 -0.020612 -0.974719 0.529361 0.220719 0.251303 -0.068306 -0.352201 -0.492170 0.407013 0.022159 0.005637 -0.279996 -0.135337 -0.412909 -0.662904 -0.643470
< 0.291547 -0.268121 -0.178415 0.713494 -0.670718 -0.505900 0.271264 -0.022288 -0.730572 1.291923 0.221469 0.533788 0.695121 0.013362 -0.189396 -0.198297 -1.639371 0.163563 -1.052411 0.621912 -0.672818 0.523537 0.469121 -1.027816 0.186896 -0.009207 -0.368507 -0.679147 0.035928 0.045448 -0.494142 0.554157 0.265208 -0.476380 -0.001952 -0.643331 0.126590 -0.777984 -0.389333 0.437690
VariableDeclaration -0.389140 -0.052178 0.336774 0.581876 0.051525 -0.814975 0.264738 0.235832 -1.378133 0.586798 0.164007 -0.162716 1.437809 -0.709498 -0.290679 -0.122736 -0.610523 1.436391 -0.772809 0.108006 -0.093207 1.502209 0.538835 -0.614084 0.468671 -0.341022 -0.149082 -1.321808 -0.029937 -0.329700 -0.820200 0.561446 0.192574 0.066450 -0.371104 -0.905995 -0.080699 -0.445165 -0.538301 0.111790
> -0.617522 0.139124 -0.666151 0.995655 -0.369110 0.566832 0.052326 0.713779 -0.789399 0.171342 -0.306054 0.675923 -0.121080 -0.251991 0.587134 -0.535771 -0.663419 0.039577 -0.281369 -0.584765 0.638787 -0.008566 0.098407 -0.713883 0.739120 0.392005 -0.247172 -0.919913 -0.963467 0.422434 -0.383344 0.135177 -0.482380 -0.328016 0.007290 -0.502657 -0.356052 -0.862752 0.332862 1.124589
<= -0.518103 0.926649 -0.114201 1.572249 0.928183 1.246057 0.011141 0.780237 -0.871669 -0.264910 1.627987 0.337192 -0.483549 -1.223699 0.049602 0.003753 -1.185906 1.345845 -0.204910 0.395625 -0.662110 1.089427 0.363577 -1.388304 0.387252 -0.486610 0.309404 -0.339626 -1.857931 0.487594 -0.306859 1.372807 -0.615379 0.792289 -0.500417 -1.602516 -0.406781 -0.810313 -0.471769 1.325669
CatchClause -1.317503 -0.463787 0.397367 -0.629409 0.290200 -1.193588 0.054581 0.364395 -0.337713 0.219749 -0.572762 -0.001984 -0.228248 -0.076253 -0.391102 -0.112179 0.351270 -0.450630 1.587506 0.019327 0.416122 -0.932038 0.898290 1.224176 -0.217326 -0.228637 1.404426 -0.311063 1.640032 -0.067790 -0.157445 0.141009 0.386017 -0.111970 -0.128541 0.870312 -0.147583 0.303088 0.281916 -0.479439
CatchClauseParameter -1.254679 -0.601450 0.381015 -0.733092 0.204689 -1.517502 0.028922 0.544385 -0.291185 0.160827 -0.550252 -0.010588 -0.150475 0.051633 -0.234257 -0.166478 0.461559 -0.371515 1.628517 0.222806 0.464604 -0.815016 0.817744 1.467874 -0.293249 -0.137930 1.231506 -0.338212 1.796705 -0.157484 0.220895 0.419261 0.062389 -0.048215 -0.187562 0.842781 -0.202139 0.422910 0.662076 -0.658198
WhileStatement -1.171863 0.216610 -0.622368 0.358917 0.060968 0.788461 0.003690 1.078287 -0.893454 -0.392769 0.420021 1.146709 -0.647259 -0.099434 0.312129 -0.056550 -0.895761 -0.033514 -0.050938 0.573032 0.025562 0.136764 -0.303255 -0.131421 -0.406558 -0.343421 0.031226 1.049191 -0.194098 0.229291 -0.041052 0.802039 -0.199900 0.892597 -0.201113 -0.310489 -0.344609 -0.788280 0.238110 0.615271
TryStatement -0.729403 0.061525 0.765083 -0.975552 0.121227 -0.714223 -0.028047 0.967599 -0.486824 -0.263645 -0.687861 0.156655 -0.360484 -0.020485 -0.166742 0.504413 0.455419 0.310038 1.263494 -0.195409 0.011557 -0.028136 0.846002 1.053810 -0.849686 -0.211875 0.774460 -0.003322 1.320842 0.128680 -0.766201 0.092898 0.236961 0.140279 -0.246068 -0.116004 -0.084180 -0.366634 0.813259 -0.035645
ClassDeclaration -0.191026 -0.285236 0.139040 -0.192904 0.001830 0.445997 -1.635156 0.747164 0.222278 -0.869413 -0.165371 -1.929255 -0.089376 0.340099 -0.178870 0.349419 1.898828 -0.080865 0.552618 -0.833274 -0.316963 0.647107 0.122337 1.204784 -0.772496 0.341663 0.253154 1.309353 0.468295 -0.827739 0.837816 -0.821680 -0.743507 0.527506 -0.074716 1.509008 -0.168016 -0.111127 -0.610116 0.165409
ConstructorDeclaration 0.193494 -1.529382 0.132223 -0.300183 0.011380 -0.250150 -0.465926 -0.091525 0.818203 -0.838713 -0.257290 -0.511860 1.784318 0.815519 0.019825 0.383490 2.186896 -0.006275 -0.119321 -1.414893 -0.282823 0.015320 0.070884 1.906471 0.481174 0.519698 0.139706 -0.568559 0.391020 -0.195828 0.031529 -1.013232 -0.122889 1.072653 -0.200061 1.196458 0.274349 1.005058 -0.758619 1.472809
|| 0.001506 0.941454 -0.684529 -0.870373 -0.435571 -0.070315 0.920102 -0.251436 0.022840 0.669124 0.242632 2.757519 -1.595346 -0.311899 -0.012990 1.019376 -0.365522 -0.414355 -0.101847 0.349276 0.066130 -0.126921 -1.332316 -1.374888 -1.016934 0.944734 0.126013 1.076913 -0.851490 0.411536 0.015330 0.622167 0.262845 -1.016856 0.154498 -0.930005 -0.352817 0.216314 0.290756 0.261045
BreakStatement -1.274480 0.389892 0.410232 0.098294 -0.698405 1.425963 -0.091943 -0.441606 0.286635 -0.114654 0.541538 0.997430 0.287779 -0.174854 -0.395199 -0.364974 -1.041522 0.887879 -0.584783 -0.224379 0.506726 -1.514199 -0.573075 -0.341799 0.740764 -0.954945 -0.020269 -1.224191 0.669657 -0.628659 -1.626956 0.192001 0.034070 -0.744494 2.015142 0.620743 0.445186 0.341576 -1.010255 0.328598
PackageDeclaration 0.076889 -0.344834 -0.674605 0.054611 -0.527217 1.192149 -1.447863 0.969214 0.546993 -1.371259 -0.998374 -1.633783 0.725183 0.598108 0.629100 0.324236 3.071970 -0.069063 -0.081579 -0.755434 0.168524 0.595449 -1.061805 0.894697 -1.132143 1.035214 -1.146734 1.122055 -0.215561 -0.840256 1.559470 -0.743794 -0.601124 0.967607 -0.453877 1.953748 0.122206 0.136113 0.943848 -0.444440
ArrayCreator 0.095828 0.060402 0.056661 -0.662912 0.534388 -0.251022 -0.123033 -0.423642 -0.901663 0.770077 0.602265 -0.716349 -0.555186 -0.213467 -1.044594 0.066580 0.093167 0.808944 -0.192079 0.424259 -0.445206 1.664277 0.222543 0.794514 -0.418067 0.161696 0.488532 0.830269 0.647091 -0.447946 0.506784 -0.325883 -0.441173 -0.934738 -0.433123 -0.878808 0.050511 -0.660560 -1.577115 -1.154776
+= -0.126067 0.888619 1.058313 0.111894 0.493904 -0.031489 0.961503 -0.482100 -0.393152 -0.594226 -0.039912 -0.930225 -0.278525 0.211459 0.107029 -0.309619 -1.495103 -0.529146 -0.187336 0.662625 0.090644 -1.052839 -0.573962 0.798005 1.281113 -0.655397 0.913462 0.163340 -1.124989 0.092000 0.072850 -1.415575 -0.677106 -0.109274 -0.459865 -0.941889 -0.874919 -0.357546 -0.023088 0.001341
-- -0.144558 0.468136 -0.530700 1.426813 -0.340925 -0.310341 1.050702 -0.117383 0.134415 -0.993690 1.247830 0.852836 -0.066062 -0.797996 0.102129 -0.725225 -0.578621 0.737834 -0.499457 -0.330778 0.961734 0.252395 -0.230134 -2.337038 0.831765 -0.081940 -0.950482 -0.644258 -1.311907 0.108210 -0.657340 0.828742 0.783104 -0.172672 1.424247 -0.626612 -0.203900 0.572657 0.920712 -0.114755
SwitchStatementCase -0.643374 -0.274567 -0.401148 -0.634485 -0.991806 0.590576 0.042267 -1.134548 0.553078 -0.144157 0.428161 -0.522587 0.000377 0.382903 -1.074392 -0.321483 -0.745914 0.757029 -1.473237 1.058659 1.242767 -1.379849 -0.924231 -0.263634 -0.302898 -0.501132 -0.431350 0.228279 1.003495 -0.833820 -1.065889 -0.342897 0.660216 -1.993028 1.893281 1.138232 -0.143822 0.701403 -0.605644 -1.805490
ArrayInitializer 0.570451 -0.228846 -0.840343 -0.645658 0.826414 -0.273110 -1.149320 0.079483 0.142192 0.204983 0.842590 -1.082666 -0.850169 -0.277300 -1.112962 0.322315 1.132458 1.137168 0.511202 0.271879 0.703526 0.797339 0.808136 1.240520 -0.887776 0.145671 0.478676 0.726539 0.991388 0.613706 0.046619 0.066945 0.428971 -0.969783 0.308054 0.160727 0.728198 0.175743 -0.680410 -1.541476
SuperMethodInvocation 0.778571 0.306932 -0.123147 -0.151221 -0.398637 -2.263058 0.190310 0.159737 -0.164189 1.490055 -2.221313 0.181177 0.157224 -0.837875 -0.721379 1.026490 0.877950 0.226071 0.758312 -1.765954 0.436191 0.487971 0.054398 -0.107140 -0.663044 -0.497610 0.507649 -0.456059 1.027719 -0.617146 -0.582910 -0.954770 1.265902 0.063987 -0.375668 -0.031800 -0.900558 -0.590305 -0.363980 0.256018
ContinueStatement -0.299629 0.378703 0.594288 -0.092477 -0.657456 0.028170 -0.897234 -0.527213 0.647004 -0.214003 0.155062 0.666579 -0.022192 -0.131711 0.181099 0.633209 -0.877847 0.233932 0.349053 -0.452787 0.047919 -0.015859 -0.701401 1.300853 0.313191 -0.457181 0.004578 -0.961685 -0.108390 -0.541258 -1.570516 0.221546 0.203989 -0.768194 0.794192 -0.449312 0.368936 0.345309 1.205511 -0.598779
TernaryExpression 0.657981 -0.260972 0.338739 -0.478822 -0.670174 -1.037698 0.343990 -0.205170 -0.639588 0.418537 -1.015238 0.049011 -0.480456 1.443106 0.797834 -0.372656 -0.179025 -1.126789 0.519224 -1.044215 -0.023621 0.298398 0.258214 -0.916113 0.418555 1.604730 -0.658093 0.290525 -0.267304 0.452733 0.056702 -0.735790 -0.216987 -0.939967 0.704630 -0.468973 -0.291946 -0.095265 0.646577 0.451491
>= -0.428779 0.814081 0.269852 -0.137403 0.912602 0.704993 1.241349 0.020343 -0.299397 -0.390399 0.897999 1.539839 -0.355934 -0.129609 0.680200 0.773081 -0.671958 0.532552 -0.334589 0.999437 0.467679 -0.751452 -0.990888 -0.687973 0.410832 -0.397621 -0.256122 0.532859 -1.222895 1.062069 -0.706626 -0.054630 -0.185480 0.208804 -1.121840 -1.974593 -1.031992 0.635811 0.391090 0.946885
* 1.428002 -0.948160 -0.087826 0.464097 0.410538 0.941371 0.740806 -0.477972 -0.220286 1.658337 -0.557827 -0.508605 0.283532 0.679924 0.375116 -0.931100 0.363691 -0.975401 -0.087160 0.072882 -0.503204 1.646124 0.270594 -1.249189 0.621285 0.673453 -1.717172 0.703507 0.100661 -0.277075 1.311998 0.584510 -0.655640 1.104571 -1.313849 -1.261973 0.256415 -0.899987 -0.083157 -0.488712
SuperConstructorInvocation 0.488569 -0.018820 0.942737 -0.183299 -0.139375 -0.894953 -0.494529 0.265702 1.101853 -0.664981 0.172283 -0.173132 1.263510 0.160611 0.454859 1.143146 2.256527 0.866869 0.627198 -1.184149 -1.073695 0.727593 -0.305721 1.810377 0.475028 0.530777 0.264213 -0.676284 0.325106 -0.482905 0.525299 -0.646276 -0.179570 0.389102 -0.312719 0.379697 0.151222 0.875252 -0.254952 1.019178
instanceof 0.306317 -0.654809 -1.682925 -0.405643 -0.566117 -1.706330 -1.026984 -0.566906 -0.848109 1.244610 -1.789263 1.399331 0.526325 0.502247 0.752853 -0.369072 -1.199418 -1.022129 0.227637 -0.193141 1.157999 -0.740231 -0.523813 0.991360 -0.155382 -0.858048 0.176682 -0.111034 0.501625 0.352948 0.194705 -0.355714 0.890536 -0.698586 -0.181732 0.567376 -0.022080 -0.109582 0.161442 -1.077556
ExplicitConstructorInvocation 1.588809 -1.587510 0.128644 -1.716191 0.929422 -0.499666 1.752998 -0.999465 0.695363 -0.607276 -0.553955 -0.499041 1.560679 1.209336 -0.031855 -0.400675 1.809288 -0.231675 -1.386679 0.413256 0.129425 -0.665820 0.426055 0.998524 0.643201 0.043630 -0.792664 -0.791617 0.026533 0.909362 -0.138609 -1.600368 0.259749 0.788503 -1.126751 -0.417188 0.297890 0.796527 -0.727161 0.764833
/ 1.754986 0.175254 -0.864455 1.371956 0.996106 2.536984 0.061340 -0.001544 1.567608 1.166606 0.610042 -0.440168 -0.043575 0.355798 0.323747 -1.277579 0.621166 -0.474094 -0.100167 0.074307 -0.752710 -0.245638 0.578690 0.271548 0.872607 0.352492 -0.893422 -0.574003 0.360344 0.977737 1.331317 0.467179 -0.382006 0.605423 -0.261786 -0.051034 1.854648 -0.549439 -0.662376 -0.221867
& 0.618845 -0.551055 0.453812 0.108200 -0.171272 0.542728 -0.164460 -0.628064 1.029759 -0.501865 -0.600838 -1.288515 -0.399275 -0.203545 -0.464590 -0.834083 -1.302503 -1.876416 -0.250715 0.635492 -0.151599 -0.905740 0.882332 -0.626651 -0.033047 -0.291606 0.196786 -0.470923 -0.985222 -0.074872 0.596145 0.283572 0.063100 -0.354912 -0.543686 0.716955 0.505349 0.054990 1.242263 -0.956025
ClassReference 0.375677 -0.274002 -0.617526 -1.433172 -0.061925 -0.652140 -0.706547 -0.039909 0.590053 -0.568421 0.512212 0.753928 -0.899573 0.473620 -1.106558 0.644612 0.927795 1.367621 -0.301227 -0.052667 -0.069805 0.600268 0.321742 1.954654 -1.346698 0.089159 0.715995 0.520707 1.626398 0.505248 -0.502611 -0.569066 0.349589 -1.650874 1.267028 -0.146016 1.134076 -0.140390 -1.024084 -0.561582
<< 0.416423 0.177602 0.586391 0.291247 -0.279854 0.088748 -0.438777 -0.843954 0.623392 -0.842542 0.739595 -1.450920 -0.499660 0.194621 0.761807 -0.405012 -1.274981 -1.244924 -0.654368 1.152654 -0.419339 -0.316525 -0.026538 -1.328665 0.418612 0.045269 -0.792472 0.693839 -1.426903 0.198086 0.617467 0.223101 -0.068377 -0.029233 0.440688 1.129403 0.031561 0.690709 0.846377 -0.381686
>> 0.419311 -0.620719 0.702147 -0.514103 -0.297498 0.660649 -0.519665 -0.405610 1.105109 -0.930898 -0.188374 -0.744127 -0.031967 0.124810 -0.489487 0.613995 -1.286187 -0.792867 -0.643994 1.122497 -0.569704 -0.991248 0.871284 -0.562454 -0.534557 -0.444823 -0.324794 -0.536848 -1.198231 0.599823 -0.637259 0.176038 0.192399 -0.693881 -0.913061 -0.046832 0.001923 0.308950 1.221102 -0.010856
ConstantDeclaration 0.457443 -0.394041 -0.113369 0.043497 -0.492653 0.888279 -0.729172 -0.210357 0.243965 -1.335051 0.162923 -0.989848 0.145820 0.179099 -0.011450 -0.264290 -0.727515 0.017483 -1.312947 1.309378 0.089980 0.217004 -0.480330 -0.347948 -0.511385 -0.365915 -1.085442 0.439866 -1.191301 -0.322010 0.105574 0.153171 -0.283660 -0.690837 -0.012147 0.254441 -0.008419 0.003725 1.083371 -0.990343
% 0.793855 -0.557261 -0.627565 0.163260 0.301072 1.412784 -1.452100 -0.233562 0.607587 0.225280 0.098956 -0.615005 -0.498558 1.091309 0.122047 -0.513589 -0.225124 -1.237046 0.316235 0.115132 0.285472 -0.305846 0.268784 -1.164051 -0.445474 0.949417 -1.278177 0.798614 -0.846239 1.126566 0.098756 0.968116 -0.008056 0.037828 0.347323 0.320706 0.852848 0.335635 1.268435 -1.313228
SwitchStatement 0.010607 -0.347820 -1.411997 0.134323 -0.689565 0.552895 -0.567466 -0.109822 -0.116685 0.359611 0.174127 -0.415644 -0.045397 0.347352 -0.635689 -0.907585 -0.725784 0.234690 -1.185102 1.017021 0.691893 -0.487776 -0.021339 0.229142 -0.502485 -0.031213 -0.449477 0.171926 0.855851 -0.168853 -0.196696 0.257989 0.349707 -1.396506 1.215055 0.669697 0.696413 -0.653706 -0.512506 -1.293159
DoStatement 0.122256 -0.430788 -0.557112 -0.076777 -0.013922 0.297920 -0.132484 0.463984 0.451025 -0.332361 1.089065 0.865955 -1.079890 0.111398 -0.332162 0.219539 0.555309 0.098800 -0.100783 0.745511 -0.045167 1.082737 0.340127 -0.794001 -1.015011 0.688895 -0.896026 0.868686 -0.258814 0.133295 0.734635 1.061894 -0.182321 -0.368249 -0.271263 -0.747988 0.227595 0.021395 1.216558 -0.158845
InterfaceDeclaration 1.439332 0.139915 -1.190057 0.365149 -0.951096 0.899389 0.358924 -0.195348 2.105223 -1.241604 -1.372394 -0.399393 -0.100886 -0.264316 0.223010 0.110239 1.439712 -0.322319 -1.121886 -0.438830 0.037473 -0.600285 -1.510173 1.013547 -0.700498 0.091259 -0.424011 -0.561747 -0.810119 -1.052209 0.435546 -1.119639 0.734822 -0.227827 0.633309 1.234901 0.510458 -0.260905 1.627529 -0.779920
| 0.128453 0.095410 0.362264 -0.081908 0.410658 -0.271863 0.999180 -1.764026 1.084091 -1.052684 0.508212 -0.713027 -1.210516 -0.406532 0.163606 -1.028618 -1.260579 -1.593303 0.186208 0.774526 0.451023 -1.097421 0.067425 -1.935212 0.818770 -0.893650 0.235588 0.821858 -0.957978 -0.011969 1.142845 0.160018 0.392610 0.885894 0.307286 1.193842 -0.026384 0.787156 0.433933 -0.638573
-= -0.066420 -0.029682 0.137545 0.417607 0.237643 0.681984 1.147665 -0.338457 1.195629 -0.611104 -0.004024 -1.139588 -1.623512 -0.195675 -0.669832 -1.153786 0.429282 0.334624 -0.089966 0.568517 0.653914 -0.314325 0.177593 -0.367028 0.885991 -0.344413 -0.227247 -0.797447 -0.870711 -0.933243 0.455424 -0.424544 -0.591650 -1.163159 0.526056 -0.644970 -0.925188 -0.457971 0.791860 -0.542366
~ -0.400263 -0.323776 -0.276455 0.717532 -0.090018 0.808869 0.232122 -0.533358 0.394276 0.818560 -0.124268 0.038506 0.162466 -0.252416 -0.271328 -0.076455 -0.656840 -0.252991 -0.607252 0.223605 -0.054443 -0.638591 -0.345766 -0.131594 0.486237 -0.609878 0.068518 -0.474765 -0.103219 -0.571564 -0.216622 0.208010 -0.100301 0.456732 -0.313413 0.078574 -0.191083 -0.522958 -0.183192 0.400597
SynchronizedStatement 0.054399 -0.786592 0.227354 -1.172482 0.577233 1.147957 1.571185 0.246962 0.926568 0.074811 -0.204395 0.373283 -1.478874 0.326485 -0.249256 -0.385899 1.593424 0.003559 0.449735 0.699744 -0.241892 0.164739 -0.039888 0.389958 -0.639070 0.620639 -0.123867 -0.276824 0.548831 -0.568373 0.365578 0.602458 -0.391900 -0.315987 -0.205515 -0.548764 -0.101867 -0.129800 1.005056 -0.774186
Statement 0.217059 0.352397 0.253628 1.519921 -0.503658 -0.067793 -0.128622 0.364428 1.423840 -0.642370 0.551294 -0.251734 -0.388340 -0.196704 0.333950 -0.407112 -0.740857 0.187111 0.197474 0.773806 -0.035646 -0.971026 0.053118 -0.400452 0.631018 -0.443281 -0.585233 -1.308198 -0.945805 -0.143408 -0.273879 0.223993 -0.111446 -1.600003 0.734369 0.124715 -0.517281 0.809714 1.307171 0.314671
|= -0.415475 0.234678 1.086447 0.517518 0.005634 0.070987 0.390065 0.251862 1.213152 -1.590651 0.808367 0.023344 -1.393518 -0.483594 0.190046 -0.734376 -0.455952 -0.291620 1.144044 0.239398 -0.495855 -0.538667 0.509999 -1.404916 0.498972 -0.720296 -0.049151 -0.533677 -0.706350 -0.462719 -0.121834 1.401197 0.105670 0.266556 1.455036 0.577383 -0.116310 0.893671 1.633616 -0.087504
^= 1.195925 -0.253342 -0.280487 -0.456372 -0.323086 -0.078245 0.921308 -0.506510 1.290942 -0.917174 -0.048028 0.087170 -0.912405 0.801389 -0.107464 -0.204104 0.151839 -0.424773 -0.393704 0.687926 0.305719 -0.854728 -0.291195 -0.963945 0.002177 0.845584 -1.191747 0.337508 -1.178807 0.506363 -0.094255 -0.365103 0.211343 -1.259313 1.042310 -0.569805 -0.077548 0.810598 1.130248 -0.491827
<<= 0.697594 -0.322972 -0.335667 1.125247 0.095852 -0.895222 0.578463 0.135064 1.493924 -0.791034 -0.083314 -1.782490 -0.923304 -0.245324 -0.305172 -1.249156 0.849483 -0.194980 0.074273 0.702442 0.103345 -0.324177 0.871596 -0.506270 0.340685 0.045425 -0.137361 -1.270087 -0.867209 0.001718 0.796802 0.268088 0.414197 -1.249017 0.233657 0.509570 -0.301235 0.539292 1.679984 -0.916939
^ 0.297190 0.263265 0.118489 0.226047 -0.522083 -0.338261 -1.269772 -0.434286 0.673794 -0.142649 0.371290 0.243950 -0.239979 -0.564770 0.007757 1.299904 -1.244134 -1.460941 -0.741466 0.541769 -1.085584 -0.444817 -0.019737 -0.785454 -0.819777 0.654642 0.391676 0.505261 -1.697917 0.799714 0.471374 0.231453 0.027719 -0.407743 -0.935912 0.800382 0.162783 0.548529 0.502475 1.271132
*= 0.913779 -1.046848 0.126384 -1.525364 0.409174 0.047502 -0.983583 0.516520 1.304343 -1.611731 -0.614226 -1.148772 -0.468824 0.988370 0.487496 0.645687 0.578702 -0.547971 0.052772 1.742004 0.088316 -0.386087 0.234787 2.447926 -1.101858 -0.214004 -0.585703 0.455324 -0.710551 0.591614 0.593234 -0.019860 -0.084867 -0.727261 -0.797110 0.194460 0.387003 0.556618 2.818954 -1.531778
>>= 0.820348 -0.081390 0.479979 0.368851 -0.506121 0.935639 -0.001020 -0.352214 1.111273 -1.327202 0.337547 -1.376356 -0.331550 -0.140346 -0.145864 -0.415732 -0.684863 -0.549655 -1.166124 0.942481 -0.534721 -0.040581 0.129079 -0.740524 -0.066295 0.097495 -0.588977 -0.114065 -1.292026 -0.222069 0.179365 -0.120770 -0.125976 -0.505932 0.344805 0.162598 0.336429 0.092655 0.872065 -0.466013
>>> 1.477718 -0.676589 -0.284833 -0.504615 -0.058742 0.798149 0.237642 -0.703246 1.843000 -0.845752 -0.167005 -0.509671 -1.358837 0.321958 -0.155272 -0.536254 0.107750 -1.602679 -0.116888 0.718544 0.118329 -0.662822 0.261343 -1.366157 -0.537437 0.727220 -0.892770 0.518474 -1.118178 0.512309 0.675476 0.295930 0.041827 -0.543904 0.220991 0.443477 0.540999 0.591813 1.739679 -0.658871
&= 0.084670 0.314682 1.024422 -0.121854 -0.111574 -0.115873 -0.072629 -0.230622 0.088410 -0.510834 0.200991 -0.911732 -0.348026 0.302648 0.052869 -0.218478 -0.682611 -0.793733 0.313805 0.441318 -0.455397 -0.254218 0.425434 -0.511480 0.292242 0.490739 -0.021744 0.485495 -0.362058 0.240010 0.102817 -0.093474 -0.284986 -0.256736 0.436857 0.188756 0.206300 0.317668 0.359702 -0.368139
/= 0.411312 0.222662 0.110161 -0.148476 0.330810 0.041552 0.845805 -0.351986 0.534546 -0.806612 0.177871 0.269643 -0.544152 0.338041 0.491670 0.007659 -0.500056 -0.310729 -0.271512 0.931346 0.192064 -0.837146 -0.757055 0.215903 0.699234 -0.432698 -0.013979 0.243396 -1.201802 0.509885 0.338554 -0.575532 -0.222904 -0.311176 -0.299376 -0.716070 -0.603753 0.410476 0.655163 0.142638
%= 0.725719 0.016457 0.159362 -0.251151 0.434786 0.131025 1.389080 -0.597079 0.854557 -0.779571 -0.045535 -0.246763 -0.537008 0.345663 0.083383 -0.373564 -0.514762 -0.378249 -0.561148 1.038795 0.159148 -1.020361 -0.386385 0.471647 0.859764 -0.531266 0.094288 -0.153978 -1.014426 0.445329 0.207966 -0.834811 -0.124269 -0.461395 -0.196703 -0.777958 -0.391456 0.049957 0.628631 -0.072695
<unk> 0.014634 0.001498 0.017424 0.005055 -0.004213 0.005038 0.025124 -0.033388 0.030191 -0.024632 0.023918 0.001388 -0.042709 0.008630 -0.017640 -0.034183 -0.070628 -0.028965 -0.014904 0.042450 0.000072 -0.035497 0.012056 -0.040236 0.044299 -0.003636 -0.006863 -0.010147 -0.048629 0.021172 -0.013075 0.009088 0.004207 -0.045072 0.014350 -0.025566 -0.002320 0.004091 0.033986 -0.020451
