MemberReference 0.097324 -0.193746 0.294639 -0.463625 -0.366749 0.491995 -0.198187 0.123652 -0.196033 -0.165970 -0.231501 -0.382384 -0.614071 -0.047547 0.489539 0.078983 -0.123417 0.347885 -0.147618 -0.083742 -0.517058 0.326057 -0.607412 -0.364935 -0.237210 0.270768 -0.228582 0.149097 -0.614575 0.127315 -0.724969 -0.392630 -0.081439 -0.067025 -0.342460 0.009688 0.811820 0.197925 -0.383420 -0.436748
MethodInvocation -0.399190 -0.402723 -0.079243 -0.439659 -0.153582 0.542513 0.331126 0.289102 -0.474279 -0.398251 -0.235531 -0.034333 0.903315 -0.893673 0.423788 1.029331 0.207901 -0.197718 0.150423 -0.306004 0.309229 -0.037545 -0.445524 -0.542889 -0.352367 0.153809 0.874588 0.093437 -1.074509 0.431636 0.433576 -0.616781 0.519413 -0.277287 0.419427 -0.463173 -0.249462 -0.163935 -0.748215 -0.567680
Literal -0.188039 -0.097366 0.544018 0.056493 0.514676 -0.567019 0.396010 -0.337883 0.099676 -0.315529 -0.579344 -0.098310 0.706243 -0.131816 0.298206 0.236295 0.090552 -0.841021 -0.020738 -0.080982 0.332831 -0.411880 0.259960 -0.867600 0.440080 -0.118609 0.024915 -0.022937 -0.291660 -0.204214 -0.475658 0.346594 0.111692 0.109791 0.228091 -0.251720 -0.093743 -0.480241 -0.779473 -0.140391
ReferenceType -1.227611 0.423580 -0.197444 0.127823 0.023725 0.713495 0.956614 -0.599459 0.124731 -0.797300 -0.340867 -0.007804 0.098091 -0.225569 0.160340 0.983490 -0.740473 -0.353488 -1.347970 -0.633705 0.871029 -0.319426 -0.728002 0.023830 0.304455 0.228136 0.611676 -0.142980 -0.784613 0.178539 0.088356 -1.076973 0.880651 -0.181889 0.744715 0.079343 0.249011 0.776549 0.241821 0.281165
StatementExpression -0.158276 -0.334465 0.340532 -0.433476 0.105101 0.429134 -0.702712 -0.061918 -0.500987 -0.332546 -0.316074 -0.563625 0.364235 -0.768627 0.671481 0.115365 0.329090 0.276675 -0.269135 0.082820 -0.112758 0.692506 0.132219 -0.207776 -0.618899 0.737719 -0.070613 -0.112869 -1.014413 0.227421 -0.022774 0.351281 0.502337 -0.436934 -0.408890 0.242868 0.275934 -0.159384 0.507128 -0.519214
BinaryOperation 0.811680 -0.270607 -0.060591 -0.785079 -0.375361 -0.570795 0.315850 1.236828 -0.453891 1.388787 -0.513505 -0.465218 -0.327286 -0.154545 0.495830 0.268634 0.510420 -0.645080 0.057172 -0.568544 -0.250534 -1.070937 -0.076749 -0.334818 -0.277157 -0.132585 0.746512 -0.325751 -0.244420 -0.154219 -0.603206 -0.733955 -0.081945 0.450439 0.270658 0.457490 -0.196363 -0.125962 -1.578904 -0.513462
VariableDeclarator -0.908515 0.226674 0.215242 0.336787 0.201635 0.352978 0.296875 -0.489716 0.062105 -0.590908 -1.107299 0.446435 0.678185 -0.039474 0.031288 0.849034 -0.561324 -0.816846 -1.033607 -0.155218 1.087764 -0.661556 -0.521931 -0.291782 0.791368 -0.541002 0.618789 0.015696 0.402351 -0.055826 0.814733 -0.450745 0.519714 0.519038 0.583895 0.681274 0.294702 -0.108635 -0.054018 0.256239
BlockStatement -0.249421 -0.069362 -0.300197 -0.763680 -0.109538 1.025964 -0.039953 -0.142376 0.132343 -0.111438 -0.162453 -0.859183 0.313093 -0.707075 -0.037535 0.157547 0.416118 -0.238729 0.427253 -0.053586 0.539420 -0.626672 -0.525702 -0.774076 -0.851406 -0.131004 0.950337 -0.056504 -0.844398 0.557662 -0.252502 -0.361388 -0.092023 0.085425 -0.394920 -0.425808 0.794182 -0.060428 -0.623784 -1.016921
Assignment -0.250804 0.001842 0.411009 -0.557782 -0.236791 0.129072 -0.848288 0.014172 -0.760355 -0.733104 -0.113708 -0.562679 -0.635763 -0.211573 0.265475 -0.184134 -0.053667 0.484316 0.055748 0.138700 -0.528754 0.137690 0.170503 -0.139124 -0.481300 0.609243 -0.530361 -0.382366 -0.760053 -0.062295 0.175126 0.136696 -0.055776 -0.275826 -0.690760 0.028259 0.515892 -0.595416 0.498214 -0.538759
MethodDeclaration -0.118747 0.398194 -0.231800 -0.622281 -1.055150 0.458984 0.618320 -0.588317 0.340310 -0.454195 0.558021 0.146563 -0.315996 -0.693460 -0.281403 0.416166 -0.452989 -0.164359 -0.419616 -0.531890 0.397773 0.269056 0.070237 0.444388 -0.082182 0.854823 -0.637074 0.483968 -0.999775 -0.878300 -0.313877 -0.305041 0.465519 0.213391 0.792935 -0.077175 0.720304 0.035091 0.654498 0.600333
IfStatement -0.045138 0.255779 -0.143789 -0.809766 0.029492 0.898484 0.466233 -0.133767 0.035994 0.404646 -0.237707 -0.971954 0.403864 -0.957241 0.653885 0.170854 0.341403 0.095788 -0.027474 -0.278884 0.169349 -0.481572 -0.204413 0.226039 -1.090360 -0.302774 0.617118 -0.112133 -0.972894 0.128807 -1.169215 -0.423486 -0.155892 -0.097172 -0.078121 -0.148647 0.479923 0.487003 -0.488809 -0.795432
LocalVariableDeclaration -0.884402 -0.141969 -0.424606 -0.278535 0.151469 0.855584 -0.103825 -0.279465 0.013621 0.187558 -0.463344 0.322587 0.503179 -0.304200 -0.345024 0.271560 -0.128139 -0.334053 -0.181027 0.074698 0.891530 -0.149277 -0.393267 -0.426266 -0.193078 -0.247239 0.892997 -0.205551 0.088378 0.785216 1.136514 -0.563959 0.324371 0.386364 0.377054 0.110632 0.404668 -0.147946 -0.169432 0.051735
FormalParameter -0.299335 -0.153901 0.081003 -0.678607 -0.657082 0.324364 0.243490 -0.540679 -0.083303 -0.552844 0.051647 0.073513 -0.176068 -0.112703 -0.006953 0.755498 -0.678292 0.067335 -1.059534 -0.462474 0.332485 0.780638 0.184940 0.370336 -0.568947 0.767550 -0.614894 0.694530 -0.976277 -1.333277 -0.375517 -0.796968 0.474505 -0.070010 1.002279 0.371246 0.476525 0.299375 0.658035 0.928944
BasicType -0.068149 -0.576975 0.633214 0.075946 -0.399895 -0.092813 -0.147176 -0.682090 0.333215 -0.921314 -0.715206 0.568519 0.030906 -0.014039 -0.362540 0.896226 -0.296998 -0.758290 -0.469934 0.003948 0.526695 -0.204695 -0.108481 -0.280615 0.409134 -0.604910 0.035099 1.088570 0.274057 -0.755745 0.465676 -0.299128 0.455791 0.920931 0.231460 0.498656 0.645375 -0.458165 0.582966 0.657739
+ 0.567898 0.183001 -0.183673 -0.517547 -0.153346 -1.088424 0.239417 0.657856 -0.104132 0.842973 0.231173 -0.284202 -0.334213 -0.090121 0.532630 -0.053886 0.528387 -1.058944 -0.011990 -0.725758 0.257359 -0.185517 -0.020203 -1.339096 0.572039 1.021936 1.123832 -0.476651 -1.297880 0.829046 -0.308737 -0.565482 0.544604 0.074181 0.670247 -0.223480 0.309107 -0.319076 -1.186383 -0.140879
ClassCreator -1.138238 0.665458 -0.041301 -1.092002 0.706801 -0.577289 0.803185 -0.645201 -0.144431 -0.466915 -1.283252 -0.252985 0.778076 -0.311903 0.361668 0.978320 -0.518406 -0.525198 -0.651798 -0.560517 0.750830 -0.052710 -0.366612 -0.806211 0.126878 0.857943 0.493902 -0.559824 -0.891183 0.511552 -0.156990 -0.598976 0.716094 0.093053 0.564955 -0.555079 0.316332 0.765486 -0.221920 0.327990
Import 0.007146 2.303602 -0.216999 0.579797 -0.378641 -0.354847 1.249548 -0.611037 0.532519 -0.627159 -0.455181 -0.137309 1.581151 -1.360891 0.244838 0.809483 -0.268553 -0.487388 -1.112608 -0.195563 1.027835 -0.089113 -0.072021 2.345624 2.063427 0.500192 -0.431848 -0.446043 0.803984 -1.283459 -0.131347 1.272055 1.034769 0.413240 1.186859 1.497545 -0.442549 -0.037800 1.792369 0.590682
FieldDeclaration -0.160914 1.102493 1.608261 1.197310 0.417215 -0.477988 1.424968 -0.586445 0.276852 -1.793907 -0.963643 0.520724 0.108215 -0.067150 0.612192 1.182994 -0.817061 -0.981048 -1.445285 -0.337429 0.674642 -0.689525 0.106233 0.347915 2.221513 0.580589 -0.771161 0.154000 -0.135889 -0.431511 -0.613953 1.037614 1.486593 -0.234580 -0.144599 1.169121 0.014112 -0.779270 0.622361 0.087840
ReturnStatement -0.085945 -0.394283 -0.084025 -0.083152 -0.922455 1.156849 1.005648 -0.097695 0.686383 -0.481281 0.761208 0.403729 -0.493552 -0.724444 -0.474142 0.441192 -0.203716 -0.315110 0.391202 -0.314098 0.004170 0.001934 -0.519988 -0.294499 0.069383 0.475658 -0.384180 0.700778 -0.937547 -0.167892 -0.572455 -0.090580 0.447504 0.074672 0.219915 -0.711887 0.532804 -0.252017 -0.380855 -0.395027
This -0.030484 0.207020 0.290571 -1.396748 -0.484055 0.952923 0.974634 0.306003 -0.587449 -1.246147 -0.760899 -0.684336 -1.105654 0.786180 0.052124 0.819181 -0.776344 0.459856 0.255941 -0.626598 0.219741 0.401032 -0.620346 0.329752 -0.866595 1.526164 -0.726689 -0.574990 -1.338213 -0.014899 -0.540524 -0.287581 0.901493 -0.254210 -0.614798 0.587956 0.356269 -1.279909 0.707920 0.334197
!= -0.646641 -0.684775 0.052844 -0.953402 0.080538 1.034799 0.605531 0.482625 0.006222 1.330718 -0.833577 0.163428 0.136405 -0.032550 -0.060292 0.040885 -0.166183 0.010007 0.247186 -0.531985 0.374930 -0.463599 0.402385 -0.551548 -0.947741 0.040261 -0.493527 0.223266 -1.274807 0.058071 -0.527381 -0.048328 -0.174238 0.925154 0.082063 -0.543192 0.536085 -0.597738 -1.536911 -0.502358
== -0.419989 0.691092 -0.349434 -0.777746 0.140890 0.480787 0.783919 -0.248748 0.408392 0.359442 0.228184 -0.241529 -0.946828 -0.489233 0.217057 -0.349473 0.039256 -0.475564 -0.109157 -0.777170 -0.197959 -1.265651 -0.467450 -0.591066 -1.110097 -0.270919 -0.083944 -0.333216 -0.414427 -0.602788 -0.671055 0.045751 -0.371239 0.055085 0.051490 -0.562288 -0.765559 0.050586 -0.412726 -0.519546
ArraySelector -0.319260 0.415211 0.439219 -0.242033 -0.072724 -0.595909 -1.364767 -0.014836 -0.341171 0.114440 0.213754 0.149548 -0.747649 -0.312570 0.604415 -0.541891 0.352464 0.359963 -0.051072 0.217869 -1.102995 -0.246590 -0.361744 -0.727414 0.462728 -0.850224 0.722961 0.327847 -0.226212 0.405993 0.224783 -0.751814 -0.990098 0.541340 0.034609 -0.631461 0.748819 0.060646 -0.752296 -1.418888
ThrowStatement -0.545464 0.118115 -0.542068 -1.140082 0.340034 -0.262408 1.122878 -0.048517 0.228653 0.358921 -0.114731 -0.614999 0.156365 -0.228131 -0.481733 0.089058 -0.406641 -0.732052 0.002186 -0.179730 0.519822 -0.514004 0.395932 -1.092308 -0.520762 1.362264 -0.036685 -0.746215 -0.579383 0.614136 -1.282627 -0.376567 0.635236 -0.647237 -0.010324 -1.016274 0.351233 1.089634 -1.034863 0.007064
Cast -0.873104 -1.232990 -0.265564 0.421186 -0.099628 0.566286 -0.741161 0.331535 0.043550 0.164647 0.138746 -0.118556 -0.184098 -0.214617 -0.272899 0.243286 -0.216784 -0.330532 -0.640789 0.158720 0.229164 -0.238561 -0.697556 -0.757099 -0.282173 -0.083592 0.656606 0.615348 0.077635 0.479249 0.879778 -0.791681 0.392533 -0.018183 -0.065635 -0.150623 0.095434 1.122445 -0.062923 -0.556355
++ -0.263792 -0.413223 -0.065691 -0.488381 0.230954 -0.108046 -1.182057 -0.505473 0.145904 -0.515829 -0.444311 -0.952161 0.030809 0.151433 -0.186486 -0.483863 0.223174 0.072916 -0.081940 0.984253 -0.201858 -0.048456 -1.012592 -0.732070 0.295134 -0.804666 1.041326 -0.236693 0.285740 0.345830 -0.237282 -0.478685 -0.776321 0.404310 -0.321172 -0.247856 1.410764 0.339226 -0.105745 -0.890414
CatchClause -0.829552 -0.363953 -0.667242 -0.790327 0.121710 0.384701 0.812266 0.425089 -0.021724 0.643799 0.103049 0.524000 0.513494 -0.716460 -0.552669 -0.022108 -0.368609 0.261543 -0.632876 0.415818 -0.021218 0.527414 0.574020 -0.385483 0.417106 1.484369 -0.272997 -0.968700 -0.916515 1.306081 -0.679194 0.042315 0.916762 -0.794548 0.386200 -0.705229 0.637113 1.055600 -0.843782 -0.504226
CatchClauseParameter -0.797360 -0.307198 -0.669829 -0.843818 0.362005 0.304427 0.819030 0.311422 0.032235 0.782980 0.014509 0.539732 0.575059 -0.594332 -0.765902 -0.017292 -0.619954 0.233713 -0.526864 0.314852 0.212558 0.511624 0.677789 -0.459634 0.384612 1.510621 -0.257284 -0.951295 -0.869499 1.239975 -0.607030 0.110519 0.804750 -0.974985 0.241937 -0.524305 0.699675 1.073556 -0.733097 -0.339136
&& -0.228662 0.321041 0.259514 -0.920608 0.393655 1.176130 0.956524 0.639294 -0.450241 0.638180 -0.778387 -0.526126 0.510988 0.151336 0.743445 0.624836 0.080495 0.158191 0.453938 -0.659115 0.487697 -0.981617 -0.138076 0.174766 -1.529960 -0.638654 0.564352 0.182441 -0.544864 0.128515 -1.164235 -1.271689 -0.887183 0.055310 0.300246 0.052870 0.136328 -0.337634 -1.881714 -0.448293
! -0.368326 0.785058 0.375634 -0.739208 0.279654 0.806259 0.589196 -0.485298 -0.478656 -0.146644 -0.005497 -0.279673 0.676451 -0.834692 0.828356 0.813476 0.281008 -0.248300 0.851257 -0.635330 0.705003 -0.424128 0.446893 -0.459221 -1.454993 -0.018156 0.604339 0.617047 -0.995283 0.849635 -0.434901 -1.018919 -0.095127 -0.431136 -0.014895 -0.841524 0.676755 -0.074232 -0.950542 0.063283
TryStatement -1.200465 0.328033 -0.535452 -0.695173 -0.098185 0.695511 0.181707 -0.145926 -0.140087 0.583264 0.153612 0.473898 1.280685 -0.771837 -0.745473 -0.089780 -0.369902 0.165317 -0.427655 0.210579 1.012419 -0.090658 1.062778 -0.164527 -0.098611 0.924667 -0.448635 -0.578844 -0.709552 0.306744 0.429152 0.072595 0.247440 -0.139179 0.718051 -0.592163 0.562036 0.317043 -0.592063 -0.292948
< 0.044892 -1.446471 0.274541 -0.707174 -0.074921 0.036969 -0.813000 -0.160286 -0.422198 -0.023913 -1.216494 -0.290367 -0.212612 -0.409138 0.560736 -0.084250 0.196703 -0.673757 0.093819 0.413905 -0.559805 -0.325244 -1.086029 -1.110417 -0.523896 -1.419994 0.720507 -0.092348 0.569560 -0.064967 0.075285 -0.889544 -0.438889 0.784695 -0.214234 0.050096 0.713166 -0.106014 -0.644272 -0.015370
ForControl 0.053103 -1.558699 -0.050528 0.041574 -0.740122 0.177709 -0.983232 -0.707789 -0.615983 -0.682164 -0.769418 -0.291513 -0.372076 0.666091 -0.066734 -0.261013 0.147735 -0.060685 -0.473085 0.324125 0.367376 -0.391599 -0.249046 -0.969800 -0.226173 -1.405871 0.629205 -0.861575 -0.652647 -0.312709 0.392847 -0.986069 -0.782658 0.775246 -0.293863 -0.476216 1.699897 -0.077249 -0.418302 0.692502
ForStatement 0.031358 -1.367148 -0.100003 0.048442 -0.693812 0.270998 -0.836827 -0.738184 -0.566261 -0.742325 -0.707416 -0.260774 -0.155343 0.599591 -0.130519 -0.292468 0.250550 -0.036590 -0.468095 0.405669 0.383605 -0.299659 -0.146217 -0.846827 -0.025187 -1.339118 0.669135 -0.916082 -0.695003 -0.171377 0.342509 -0.789503 -0.755624 0.895310 -0.209298 -0.578026 1.640206 -0.257730 -0.494765 0.641175
- 0.562499 0.307915 0.278617 0.210122 -0.158400 -0.433563 -0.226497 0.327580 0.133799 0.137626 -0.598385 -0.393779 0.251373 0.467147 0.218426 -0.156089 0.493513 0.197786 0.303635 -0.275994 0.094053 -0.633349 -0.164269 0.027079 0.409635 -0.715745 0.182464 0.025889 -0.751519 -0.505125 0.224858 0.906173 -0.704902 1.171415 -0.361658 -0.077943 -0.102985 -0.751960 -0.420976 -0.761083
ClassDeclaration -0.405160 1.731422 0.573114 0.642103 -0.097069 0.112140 1.253077 -0.566713 0.337297 -0.924107 0.192997 0.479429 0.744398 -0.994783 0.406898 0.831379 -0.603913 -0.446964 -0.710524 -0.299322 0.663137 0.125075 0.088847 1.199884 1.657119 0.809041 -0.558110 0.459782 -0.112296 -0.307019 -0.053075 0.658293 1.105848 -0.144975 0.891135 0.706185 0.061767 -0.534769 0.895287 0.083358
VariableDeclaration -0.265473 -1.418271 -0.270732 0.057814 -0.532954 0.733746 -0.478957 -0.949483 -0.371552 -0.726926 -1.096387 -0.276575 0.036746 0.192715 0.079800 0.022967 0.275767 -0.386005 -0.646086 0.308041 0.644935 -0.608694 -0.468428 -0.732063 -0.193311 -1.635022 1.081666 -0.882416 -0.527955 -0.116496 0.259378 -0.876495 -0.545495 0.833224 -0.180038 -0.260944 1.528521 -0.090474 -0.215150 0.722401
PackageDeclaration 0.187309 2.161782 -0.286151 1.001616 0.001555 -0.742310 0.939646 -0.879434 0.585418 -0.652234 0.223895 -0.251572 0.922400 -0.629415 0.601763 0.316516 -0.244238 -0.495778 -0.689927 -0.717529 0.994771 0.451976 -0.237064 2.244583 1.012175 0.424220 -0.139118 0.192238 1.018890 -1.277606 0.419746 0.846411 0.622291 0.147231 1.269122 1.241912 -1.209191 0.048934 2.373097 1.357224
> 0.282015 -0.158339 -0.030420 -0.473953 -0.094964 0.145130 -0.006488 0.476252 0.006763 0.541079 0.003559 -1.058010 0.824488 -0.615974 0.510231 -0.285077 0.415865 -0.345176 1.211466 0.154781 -0.258857 0.354449 -0.873925 0.239321 -0.292583 -0.346293 0.208072 0.292288 0.295688 -0.537436 -0.751137 -0.259032 -0.828745 0.714753 0.437179 0.135580 0.569885 -1.072139 -0.816361 -0.460529
WhileStatement -0.858741 0.207170 -0.484579 -1.598310 0.473940 0.402399 -0.407917 0.841541 -0.027449 0.057847 -0.648561 -0.403970 0.596485 0.262119 -0.719287 0.344369 -0.043149 0.428016 0.889692 0.266474 -0.023092 0.639889 -1.040205 -0.265348 -0.799254 -0.209302 0.993154 0.366752 0.470450 0.116566 0.795917 -0.506558 -0.574393 0.683075 0.277366 0.388431 -0.330759 -0.860316 -0.594628 -1.043545
ArrayCreator -0.131971 -0.407193 0.241112 0.382984 -0.831490 0.798608 0.882710 -0.368106 -0.269895 -0.519466 0.059749 1.728600 -1.019783 -0.557331 -0.469165 0.422289 -0.523797 -0.378553 -0.230430 0.149984 -0.112439 -0.775310 0.539840 -0.019138 0.863451 -0.691485 -0.261689 -0.650305 0.402021 1.236667 0.466785 -0.537777 0.982382 -0.122877 -0.250766 -0.059402 0.968059 -0.363886 -0.197076 0.554923
ConstructorDeclaration -1.103156 0.705971 1.207928 0.190788 0.806231 0.245327 0.074236 -0.693511 -0.161855 -0.913531 -0.573086 0.711378 0.622587 -0.539357 1.109314 0.730725 -0.846345 0.213263 -1.639470 -0.168013 0.080294 1.006805 0.424698 0.563307 0.084013 1.081641 -1.235621 1.191557 -0.298166 -0.939347 -0.096190 0.485920 1.034693 -0.834292 0.561932 1.016777 -0.332305 0.067775 1.123693 0.192851
|| 0.303021 0.787178 0.210086 -1.491950 -0.318132 0.517332 0.981639 0.011181 0.064391 0.321603 0.168038 -0.238221 -0.254369 -0.811474 -0.060827 1.073999 0.235227 -0.606999 1.044832 -0.715084 -0.111389 -1.412382 0.418221 0.040350 -1.959488 -0.678688 0.190065 0.847377 0.759358 -0.662174 -1.257811 -1.357737 0.238337 -0.298997 0.176696 0.182366 -0.867307 -0.251076 -0.701920 -0.615995
SuperMethodInvocation -0.042084 -1.485199 -0.479490 0.768757 -0.883674 1.664315 0.886270 -0.607507 0.260863 0.287515 0.233185 -0.826700 0.459529 -1.382903 0.576671 0.427066 0.042948 -1.187435 -1.059978 -0.908784 1.057566 -0.309144 0.110175 0.031637 -1.334865 0.682023 -0.755156 0.073350 -1.328083 -1.218357 -0.939359 0.250815 0.625641 -0.371655 0.193744 -0.150515 0.018006 1.072499 0.579219 1.463200
BreakStatement 0.275178 0.080304 -0.103968 -0.341048 0.360370 -0.867999 -0.603197 -0.125165 0.628333 -0.455832 0.029469 -1.158484 0.713924 -0.664100 0.132167 0.256584 0.827452 0.689572 0.844662 0.375628 -0.706922 0.353318 -0.660910 -0.060848 -0.363832 -0.471930 0.925037 0.927909 -0.437461 0.501354 -0.570010 0.366404 -0.250999 0.323832 -1.047352 -1.189358 -0.226043 1.629752 0.639565 -1.458582
TernaryExpression -0.175287 -0.446551 -0.290133 -0.121702 -0.261186 0.944297 0.430733 0.533178 0.392629 0.750573 0.708147 0.102362 -1.141532 -0.431355 0.753454 -1.358161 -0.201505 -1.313281 0.233871 -0.598228 -0.450271 0.383047 -1.524178 -1.004070 -0.173964 0.797250 -0.593435 -0.130420 -0.021870 -0.760413 -0.425701 0.280490 -0.377652 0.145186 0.937943 0.365202 -0.340485 -1.741501 -0.783510 0.116119
+= -0.214120 1.052292 1.014464 -0.643877 -0.336589 -0.752573 -1.724425 0.282662 -0.995088 -0.295952 0.741361 -1.029975 -1.060824 -0.047435 0.680170 -0.640005 -0.067624 0.142231 0.445192 0.128256 -0.422626 -0.274432 0.447264 -0.528965 -0.107133 0.996726 -0.465815 0.210183 -0.536189 0.183926 0.449597 -0.498070 -0.430845 -0.013794 -0.324758 0.112006 1.550697 -1.176851 -0.164203 -0.885055
ArrayInitializer -0.260636 0.256206 0.114769 0.803617 -0.196649 0.557480 1.428776 -0.446363 -0.381730 -0.558068 0.828248 1.612948 -0.117364 -0.349696 0.041142 0.164342 -0.625790 -0.332521 -0.311096 0.267251 -0.033578 -0.129167 1.152372 0.311078 1.245006 -0.127796 -0.399347 -1.100656 0.544923 1.263485 -0.259897 -0.559094 0.677108 -1.292624 0.605417 -0.290843 0.619727 -0.046933 -0.818960 0.985951
<= 0.879494 0.358353 0.247016 -0.323269 -0.567090 -0.438406 -0.749384 0.316038 -0.354892 -0.446818 -0.288731 -1.379389 -0.432004 1.658713 -0.584537 0.057514 0.378092 0.463986 0.566632 0.179637 0.412915 -1.424837 0.183972 0.121122 -0.279744 -1.037618 0.679990 0.097388 -0.047086 -0.706402 -0.375209 -0.839265 -1.477403 0.653758 -0.810768 0.303040 1.076652 -0.561240 -0.774781 -0.600076
instanceof -0.382981 -0.249074 -0.859927 -0.061595 0.425929 1.051911 0.505877 0.936061 0.512592 1.452600 0.006231 -1.012958 -0.279110 0.274032 -0.375078 0.045229 -0.265895 -0.307480 -0.821143 -0.244497 0.712698 -0.708195 -0.684371 0.076871 -0.669402 0.547457 0.831967 0.176303 0.240933 0.606857 -0.748790 -0.767765 0.512772 -0.537549 -0.055526 0.702098 -0.167522 1.870181 -0.303405 -0.535312
SwitchStatementCase 0.086987 -0.068909 -0.406571 0.132353 1.073704 -1.192517 -0.832733 -0.316850 1.035949 -0.727157 0.411932 -0.276594 0.236549 -0.743468 0.159710 -0.252032 0.728947 0.452866 0.797493 0.405787 -1.402997 1.355707 -1.170388 -0.764089 -0.271996 0.255990 0.638185 0.402486 0.380834 1.025650 0.335591 1.194225 0.502871 -0.536473 -1.015788 -1.297907 -1.896617 1.997946 1.772402 -0.877196
SuperConstructorInvocation -0.446631 1.004727 0.926725 0.583671 0.299786 0.733599 0.037053 -0.275490 -0.849216 -0.581203 -0.201401 0.214356 0.649394 -0.589680 1.583822 0.612576 -0.460783 0.218685 -1.134497 -0.649989 0.675020 0.721395 0.631867 1.216905 -0.428231 1.312145 -0.849853 0.662453 -0.721943 -0.325660 0.468158 0.094439 0.563559 -0.957085 0.455696 1.216225 0.021190 -0.547955 0.839630 0.887123
ConstantDeclaration -0.836955 0.236454 -0.618958 2.080313 1.552671 -1.083216 0.063634 -0.862255 0.707998 -0.231842 0.677567 1.167262 1.987775 0.691342 -0.987501 0.032548 0.053040 -0.516528 -0.271632 0.628835 0.995177 0.017050 0.581765 0.182571 1.236052 -0.969225 0.455286 0.911446 1.887978 -0.208908 1.684469 0.073243 -0.229575 -0.311905 1.361894 -0.631778 -1.872915 0.826880 0.537869 1.185676
& 0.530890 -0.806405 0.735244 0.766011 -0.578215 -1.555430 -1.750663 0.742693 -0.074315 1.978928 0.827558 0.533674 -0.977468 0.119996 0.365296 -1.444941 -0.033487 0.075551 0.080894 0.063823 -1.009250 0.274525 0.814893 -0.009887 0.669192 0.411652 -1.277182 1.412877 0.305837 -0.816119 0.630410 0.621860 -0.759233 1.079615 0.213569 -0.325091 0.327252 -0.142037 -0.395980 -0.185166
>= 0.568355 0.352066 -0.347306 -0.658475 0.283067 0.314632 -0.262148 0.169845 -0.382541 -0.120321 0.040594 -0.852657 0.535003 1.305484 -0.579309 0.350588 0.655895 0.945334 0.966391 0.237764 0.249231 -0.019371 0.538002 0.239753 -1.345976 -0.418567 0.806631 -0.468773 0.151768 -0.424869 -0.320818 -0.511331 -0.980252 -0.527166 -0.066365 0.222784 -0.319890 -0.847695 -0.706233 -0.005064
* 1.367613 -0.567015 -0.367823 -0.802221 -0.669867 -1.189626 0.751028 0.426030 0.378086 0.409777 -1.518880 0.256326 -1.337355 0.320632 -0.719221 0.319188 0.212287 -0.472445 0.619940 -0.122730 -0.297976 -0.552931 -0.597954 0.002808 1.001691 -0.544321 0.441316 -1.267913 0.379225 0.801116 0.441418 0.774429 1.233674 1.827494 -1.020635 0.284990 0.100089 -0.141205 1.193731 0.734513
-- 0.830936 0.376491 -0.634956 0.461362 0.270197 -0.287628 -1.148769 -0.487587 -0.111923 -0.204526 0.956506 -0.214297 0.060266 0.206184 -0.056240 -1.079390 1.156464 0.540285 0.942095 0.747621 -0.932486 0.626845 -0.251544 0.365439 -0.204802 -1.892086 0.870470 -0.431600 1.248683 -0.337849 0.173761 0.248487 -1.510860 0.063230 -0.074101 0.114414 -0.376541 -0.878304 0.264309 -0.152223
ClassReference -0.558960 0.481890 0.190928 0.996268 -0.034348 1.537670 0.870981 -0.864793 -1.003876 -0.645186 0.776050 1.450878 0.587197 -0.802327 0.584551 0.254051 -0.170841 0.627785 -0.187664 -0.065288 0.118302 -0.494170 1.261380 0.879676 -0.514815 -0.997218 -0.284539 -1.163826 0.094144 1.230128 0.200552 -0.741711 -0.232775 -1.853189 0.047879 -0.494769 -0.324444 0.269451 -0.702197 0.728219
<< 0.927784 0.384289 0.752651 1.025547 0.165755 -1.295802 -1.445812 1.228874 -0.108703 0.528543 0.770334 -0.564638 -0.741538 0.711034 0.665211 -0.844158 0.420524 -0.111652 -0.362509 0.267385 -0.950409 -0.329113 -0.342596 -0.278500 1.101257 0.052002 0.203626 0.360404 0.997704 -0.703051 0.169904 0.540626 -0.704859 -0.155038 -0.050221 1.332892 -0.910290 -0.555665 -0.385037 -1.263511
ContinueStatement -0.205876 0.621061 -0.172675 -0.047208 0.708751 0.481497 -0.428341 -0.166488 -0.243484 0.820690 0.841087 -0.051900 0.400563 -0.715576 0.715226 -1.304525 0.578850 0.345651 0.306251 0.697628 -0.351454 0.440103 -0.173757 0.170953 -0.305206 -0.526678 0.910207 -0.189479 0.715027 1.266968 -0.152707 -0.135690 -0.842289 -0.641667 0.227680 -0.029722 0.152271 0.356009 -0.393079 -0.180726
>> 0.256129 -0.763384 0.270588 0.238629 -0.037358 -1.006386 -1.688027 0.967076 -0.227923 1.444816 0.552963 0.754829 -0.181707 0.839485 -0.993140 -0.648945 0.297531 0.601640 0.234480 0.704407 -0.714743 -0.112309 1.490055 -0.535868 0.092243 -0.491362 -0.362856 1.134898 0.787999 -0.140997 0.698442 -0.183999 -1.101698 0.437071 -0.088210 -0.229633 0.004108 0.482172 -1.153071 -0.903491
/ 1.676270 -0.052101 -0.723919 0.260680 -0.291338 -1.478112 0.434882 0.562154 -0.135170 0.038029 -0.108078 -0.170694 0.333487 1.326010 -0.430579 0.256287 0.612714 0.778727 1.450070 -0.251125 -0.107482 0.536464 0.174292 0.803706 0.211761 -0.205875 0.356265 -0.702018 -0.031210 0.568021 0.504604 0.249293 -0.143424 0.383666 -0.372852 -0.701837 -0.833011 0.201665 0.291522 1.161014
ExplicitConstructorInvocation -0.675148 -1.284210 1.087177 0.691548 0.661393 -0.157624 -0.693852 0.141152 -0.035418 -0.741477 -0.889915 0.017203 -0.035861 1.575184 0.536904 0.612104 -0.915608 0.758821 -1.582633 -0.199978 -0.021298 1.917239 -0.305031 -0.089230 -0.187622 0.905627 -1.084862 1.443327 -0.298796 -1.086341 0.116999 0.085946 0.658745 -0.464693 -0.041688 0.915757 -0.837925 0.662366 1.198151 0.557469
InterfaceDeclaration -0.034687 0.944821 -0.958404 1.175768 -0.544943 -1.341756 0.392060 -0.536054 1.138211 0.528176 1.813772 0.776592 -0.268220 0.541659 -0.821450 -1.057359 -0.797636 -0.214519 -0.941925 -0.247380 0.078766 0.677872 0.824019 1.305123 1.274867 0.721599 -1.380910 0.276617 1.144605 -1.569059 -0.080933 0.531322 0.144629 -0.348138 1.548213 -0.142570 -0.603833 1.682293 1.776952 2.050960
| 1.251443 0.171518 0.811435 1.441703 -0.557027 -0.308736 -0.928069 1.324892 -0.596633 0.309489 0.954285 0.371951 -1.193457 -0.330970 0.543858 -0.194433 0.346551 0.370895 -0.251471 0.211622 -1.347477 -0.540879 0.448356 0.737005 1.176963 0.564430 -1.006032 0.132558 0.428629 -0.586771 0.241765 0.985472 0.153377 -0.739999 -0.811364 1.478693 -1.023825 -0.558805 0.008006 -1.203280
SwitchStatement 0.217844 -0.346982 -0.544604 -0.299357 0.643524 -0.653886 0.082541 0.097847 0.564679 -0.646228 0.365844 0.528893 0.132770 0.025070 -0.313025 0.059853 0.196017 0.222920 1.276577 0.274369 -1.145154 1.076162 -1.296232 -0.339090 -0.383999 -0.276576 0.710477 0.233525 1.337041 0.757308 0.095529 -0.234009 -0.020868 -0.681476 -0.273053 -0.615932 -1.709099 0.948081 0.520530 -0.209520
% 0.580920 -0.139779 -0.940610 0.354587 0.507561 -1.171910 0.246497 0.748661 0.591947 0.681870 0.298484 0.249616 -0.296095 1.065861 -0.756833 -0.406825 0.412059 -0.242620 0.978230 -0.175709 -0.517524 0.474609 -0.371867 -0.818986 0.446482 0.317009 0.369098 -0.500508 0.726825 0.446529 0.326521 0.501354 -0.444442 0.091231 0.234264 -0.556963 -1.655404 0.055821 -0.503823 0.346255
-= 0.853825 -0.160085 -0.025960 0.160201 -0.156999 -0.333748 -0.679875 0.218990 0.012587 -0.041545 1.115066 -0.727900 -0.453042 0.123668 -0.633252 -1.427294 0.288086 0.219575 1.445255 1.155388 -0.564248 0.507194 0.096491 0.418043 0.539391 0.175094 -0.756114 -0.805557 1.002613 0.448766 0.089806 1.338983 -0.323138 -0.027967 -0.924111 0.037578 0.550405 -1.337267 0.578536 -0.061979
Statement 1.125054 0.203006 0.106609 -0.101470 0.353789 -0.599027 -0.914659 -0.322236 -0.116178 0.305128 0.298115 -0.992388 0.068438 -0.096286 0.392163 -1.375735 0.979506 0.706439 0.758675 1.259974 -0.882471 -0.095332 0.549818 0.415191 -0.160398 -1.012940 0.090269 -0.590007 0.911434 0.500674 -1.020316 0.948667 -1.095561 -0.080815 -1.385136 0.176666 0.753689 0.212205 0.691431 -0.530581
DoStatement 0.656234 0.804827 0.325588 -0.871092 0.658805 0.146653 0.763047 0.214352 -0.286113 0.617394 -1.327606 0.145609 -0.364317 1.584023 -0.826967 0.483856 0.032162 0.436610 1.603050 0.004824 0.581747 -1.248662 1.147168 0.245463 -0.669357 -0.778731 0.050401 -0.370303 1.018472 1.380843 -0.103568 0.257745 0.139814 0.195858 -1.389011 0.496068 -0.107470 -1.545401 -0.701576 0.010853
SynchronizedStatement 0.585464 -0.876735 -0.635950 0.762837 -0.321853 1.247488 0.668864 0.333397 0.266830 0.387842 -0.106521 0.488546 0.220805 1.465834 -0.988953 0.634028 0.152142 1.596355 0.595225 -0.479058 0.764615 0.379654 0.598425 1.087641 -0.936199 -0.048509 -0.419717 0.290148 -1.151936 0.488965 0.393735 0.804937 0.052873 0.040687 -1.049803 -0.622655 -0.913685 0.606329 0.333247 0.396676
|= 0.635470 -0.478502 0.246921 0.275941 0.537184 0.269108 -0.685218 0.955333 0.615160 0.394606 0.036487 -0.463766 -0.966051 0.872697 -0.142096 -0.675754 0.849581 1.045269 0.639803 0.226415 -1.188894 -0.384133 -0.026906 -0.253748 -0.787228 -0.477706 -0.426667 0.243933 -0.369676 -0.060935 -0.557576 1.375813 -0.769693 -0.109767 -1.944333 -0.332971 -1.118825 0.120195 0.173178 -2.027988
^= 0.131652 -0.621814 -0.351019 0.836748 0.683528 -0.186416 -0.475150 0.396140 0.399518 0.493545 1.299388 0.557634 -1.129495 0.537838 -0.106478 -1.539729 0.364753 0.073961 0.980052 0.154118 -1.290692 1.307694 -0.401936 -0.375406 -0.862683 -0.153218 -0.656613 -0.135005 1.285722 -0.107732 0.365779 0.911390 -0.591209 -0.649508 -0.256395 -0.426844 -1.887336 -0.363043 0.472738 0.544697
<<= 0.689590 -0.415537 -0.573695 0.590204 0.262751 -0.900262 -0.277040 -0.104228 -0.338553 -0.049287 0.732512 -0.132071 -0.120473 1.598193 -0.679966 -1.519778 0.029918 1.235633 0.303777 1.314973 -0.677641 0.910330 1.072286 0.663260 0.376416 0.172477 -1.042795 -1.595721 0.727713 0.377296 -0.731328 0.940797 -0.798022 -0.974275 -1.166797 -0.544595 0.076379 0.697296 0.638418 0.792765
>>= 0.627782 -0.418215 0.207174 0.787618 0.113994 -0.838387 -1.275487 0.117744 -0.011109 0.181792 0.389961 0.172105 -0.564041 0.842578 -0.286572 -0.930846 0.301639 0.808380 0.459910 0.728720 -0.981160 0.422231 0.159963 0.557495 0.150144 -0.931838 -0.347552 0.332483 1.201852 -0.515617 0.506511 0.599932 -1.000301 0.234278 -0.551074 0.081613 -0.494008 0.048280 0.780641 0.124748
>>> 0.993522 -0.402154 0.026988 1.009184 0.098697 -0.944736 -0.602534 1.081459 -0.024190 1.071564 0.706060 0.666389 -0.725915 0.828315 -0.228055 -0.823917 0.332464 0.527234 0.617474 0.105623 -1.150497 0.673102 0.419771 0.574129 0.310126 -0.027366 -0.626086 0.324654 1.252352 -0.327113 0.700878 0.833919 -0.444356 -0.168132 -0.333105 0.520943 -1.618445 -0.101665 0.248466 0.251535
*= 0.388632 0.336585 -0.161935 0.597559 0.164038 -0.129711 -0.617346 -0.498502 0.196773 0.237198 0.547763 1.206232 0.441245 0.340841 -1.004936 -1.182429 -0.350750 0.861272 0.770548 1.307656 -0.162886 0.910086 1.221597 0.628797 0.828478 -0.377778 -1.346061 -0.145696 1.495064 0.143127 0.948274 1.496725 -0.663322 0.222121 -0.094931 -0.158532 0.216147 -0.407740 0.383789 0.798747
&= 0.037349 -0.227679 -0.027532 0.347781 0.157738 -0.750881 -1.102462 0.435073 -0.076575 0.478196 0.713557 0.241054 -0.463340 0.286344 -0.153027 -0.977593 0.170517 -0.161937 0.310800 0.333603 -0.640780 0.194388 0.053521 -0.460305 0.617064 0.004046 0.170985 0.194804 0.430797 -0.031753 0.899169 0.168671 -0.511590 0.393090 0.336283 -0.226284 0.000446 -0.701889 -0.254369 -0.188440
^ 1.180752 -0.538739 0.053658 0.793066 -0.195632 -0.984483 -0.579722 1.131629 0.047356 1.209306 0.060248 0.443526 -1.077386 1.170611 -0.363834 -0.384131 0.072871 0.128516 -0.074588 -0.197073 -0.628363 -0.295477 0.253961 0.718496 0.144965 -0.448036 -0.351597 0.597792 1.403704 -1.097041 0.656929 0.135932 -0.444272 0.344482 -0.122685 0.971166 -1.318521 0.156263 0.332124 0.552128
~ 0.203055 0.220813 0.073261 0.534946 -0.865856 0.407960 0.715842 -0.393273 1.019611 -0.283284 0.642557 0.842187 -0.905244 -0.361732 -0.606138 -0.121086 -0.553249 -0.391283 -0.052621 -0.324150 -0.122086 -0.291321 0.035980 0.766552 0.739059 0.267064 -1.225769 0.630384 0.222313 -0.934361 -0.260182 0.690673 0.512300 0.274885 -0.046746 0.084965 0.246004 -0.251774 1.122323 0.635348
/= 0.840346 0.158309 -0.052194 0.572800 0.068794 -1.091496 -0.790888 0.851584 -0.058990 0.836120 0.835734 0.106691 -0.724015 0.821192 -0.359147 -0.849315 0.289051 0.222408 0.642337 0.215151 -0.649506 0.064737 0.417036 0.230352 0.488335 0.233068 -0.284000 -0.004379 0.776936 -0.271466 0.572357 0.567962 -0.508003 0.099883 -0.113870 0.213254 -0.782001 -0.494847 0.105699 -0.017107
%= 0.038527 0.081057 -0.026625 -0.070366 -0.238759 0.019576 -0.083275 0.060627 -0.159533 -0.144037 0.370915 -0.014093 -0.242504 0.052841 -0.065888 -0.026269 -0.159573 0.327894 0.054702 -0.073962 -0.146563 0.296405 0.187876 0.298180 -0.162677 0.451690 -0.413527 0.063386 -0.246694 -0.275950 0.107984 0.005563 0.028163 -0.173722 0.052220 -0.051100 -0.046938 -0.132140 0.361051 0.167995
<unk> 0.025386 0.001341 -0.000772 -0.008601 -0.004989 -0.009931 -0.022168 0.029664 -0.004202 0.027969 0.024112 -0.014777 -0.030725 0.016815 -0.002167 -0.040320 0.019098 0.013063 0.033928 0.014750 -0.032776 -0.001989 0.010572 -0.005210 -0.006099 -0.003808 -0.009459 -0.004670 0.007462 -0.005973 -0.014218 0.014797 -0.035095 0.002672 -0.013315 -0.000069 -0.000360 -0.014571 -0.019081 -0.021889
