ReferenceType -0.498540 0.581709 0.324184 -1.124916 0.353893 0.051174 -0.903047 -0.387874 0.017469 0.325581 -1.134213 0.283875 -0.981336 0.831458 0.094870 -0.043658 0.542720 0.272914 -0.285963 0.070325 0.337123 0.562154 -0.824181 0.216285 -0.222323 -0.052910 -0.023179 1.287293 0.974420 0.419715 0.459810 0.416812 0.089855 0.196675 0.030638 0.038862 0.363599 -0.500501 0.562921 -0.477378
MemberReference 0.205725 -0.834329 -0.637239 -0.511646 0.820329 0.321956 0.574445 -0.623899 0.456805 0.072671 -0.059473 -0.261297 0.265999 -0.013737 0.362266 -0.158710 0.248648 1.085902 0.820109 -0.240507 -0.243205 -0.109013 0.127513 0.396400 -0.106341 -0.413882 -0.209071 0.317131 -0.180822 1.117129 0.590777 0.252315 0.333613 -0.313733 0.010938 -0.484084 0.349807 -0.284160 0.665621 0.170585
MethodInvocation -0.344882 -0.825437 -0.562306 -0.404881 0.988523 0.202276 0.041493 -0.335042 0.645584 -0.270476 -0.370173 -1.126965 -0.347091 -0.247026 0.073489 0.772324 -0.473789 0.497556 0.235724 0.136583 0.783844 -0.008437 -0.033788 0.188951 -0.038239 -0.194660 -0.527971 0.566857 0.387461 0.882667 -0.208675 1.092508 0.270877 -0.613679 -0.377925 -0.233713 0.453142 0.066668 0.675841 0.414793
StatementExpression -0.246806 -1.463627 -0.725734 -0.633309 1.123367 0.126839 -0.246626 0.383360 0.403845 0.208044 0.054470 -0.059009 0.009960 0.077172 0.493997 -0.060004 0.253871 1.034443 0.953597 0.252072 0.616965 0.067158 0.027644 -0.087097 -0.249622 -0.379108 0.060097 0.704872 0.074494 0.633320 0.114235 0.267846 0.371471 -0.364023 -0.000634 -0.012680 -0.631680 -0.530559 0.178926 0.177145
Literal 0.372859 -0.735026 -0.477742 -0.144864 -0.195486 -0.616616 0.236787 -0.544124 -0.103665 -0.392223 0.022703 -0.708056 -0.026903 0.584303 0.199142 1.062311 -0.311333 -0.164693 0.350411 0.948425 0.342636 -0.022976 -0.262760 0.724471 -0.779325 -0.747239 -0.526419 0.250324 0.618673 0.429729 -0.641840 -0.069413 0.161448 0.287688 -0.363120 -0.668011 -0.160030 0.473762 0.640881 -0.393168
Import -0.298232 0.729612 -0.625253 -2.349924 -0.750062 1.398020 -0.465451 1.273603 0.919313 0.324392 -1.658786 -0.500507 0.798549 1.320834 0.586168 0.927895 -0.555389 -0.500286 -1.049097 0.032364 -1.267805 1.502796 -0.009303 1.052310 0.234921 1.299479 0.907435 -0.191958 0.348626 0.248315 -0.677343 0.110517 -1.744602 1.159227 0.358966 1.340482 -0.440693 -1.256724 -1.075297 -0.537418
FormalParameter 0.022180 -0.178207 -0.875831 -1.122243 0.472461 0.784937 -0.601087 0.650130 0.573778 0.580275 -1.168938 0.593019 -0.691128 0.962454 0.555468 -0.557246 0.854913 0.652756 0.360863 -0.288404 0.225542 0.146698 -0.754163 -0.075999 -0.464318 -0.114742 0.225196 0.253068 0.526613 0.369102 0.034295 0.133589 -0.335805 -0.280908 0.300244 0.347164 0.642551 0.206550 0.239205 -0.015346
MethodDeclaration 0.402377 -0.537869 -0.381053 -0.961260 0.375671 0.450921 0.448916 0.159108 0.137451 0.104568 -0.981722 0.552243 -0.325094 0.806545 0.339441 -0.081433 1.120123 0.746959 -0.434471 -0.590412 -0.036138 0.164758 -0.344854 0.195057 -0.508622 -0.239697 0.267555 -0.369402 0.927355 0.892931 0.337419 1.268697 0.302015 -0.110857 0.499772 -0.230055 0.624228 0.204393 -0.070071 -0.071507
VariableDeclarator -0.849107 0.669953 -0.108197 -0.275901 -0.005789 0.624631 -0.879385 -0.315474 -0.399214 0.073668 -0.356729 -0.922430 -0.649497 1.091670 0.068198 0.438920 -0.152439 -0.190977 -0.211140 0.648986 -0.152771 0.497207 0.291333 0.116138 0.236640 -0.106389 -0.011341 1.302119 0.239991 -0.085982 -0.651420 0.222491 0.527760 -0.203201 -0.919732 0.350553 0.551285 -0.782427 0.540487 -0.187260
BinaryOperation 0.536356 0.740125 -0.821727 0.649041 0.614503 1.015120 0.258383 -0.680951 -0.310169 0.118707 0.286438 -0.697965 0.017630 -0.724982 1.296244 0.060572 -0.422264 0.486310 0.390353 0.038867 1.258082 0.047384 -0.638694 0.726581 -1.189937 -0.905993 -0.899591 -0.704184 -0.327521 0.001568 0.339872 -0.025665 0.334366 -0.320984 -0.583106 0.041592 -0.319091 0.678533 0.998371 0.625473
ReturnStatement 0.911653 -0.073752 -0.539250 -0.633200 0.322263 -0.039709 0.235588 -0.270278 -0.223761 0.284611 -0.233950 0.118895 -0.447330 0.227391 -0.440121 0.078451 0.573659 0.871244 -0.404974 -0.178561 -0.057660 -0.020897 -0.731197 0.481662 -0.500436 -0.369296 -0.277573 -0.234055 1.173683 1.031437 0.573713 1.044702 0.931430 -0.546443 0.509568 -0.870799 0.524022 -0.052207 0.483524 -0.295176
BlockStatement -0.187707 -0.250722 -0.136198 0.067130 1.130018 0.009109 0.526317 -0.928453 0.174226 -0.190999 -0.169663 -0.280270 0.198221 -0.904801 0.082108 0.530184 -0.108092 0.485969 -0.051654 0.460406 1.167403 -0.663598 0.421384 -0.189880 -0.145916 -0.607365 -0.412908 0.718888 0.264793 0.092715 0.540685 0.977257 0.904120 -0.666251 -0.158220 -0.425356 0.416034 0.102592 0.937331 -0.003851
IfStatement -0.256649 0.084855 -1.023247 0.047343 0.554821 0.278183 0.278204 -0.255172 0.347657 -0.335938 -0.560787 -0.455231 0.418798 -0.813560 0.217378 0.462634 -0.572961 0.697350 0.160659 0.309655 1.629536 -0.101774 0.011457 -0.211012 -0.147931 -0.451876 -0.372135 0.199690 0.098633 0.291148 0.411095 0.614999 0.852672 -0.559665 -0.328932 -0.479099 -0.207411 -0.220296 1.394801 -0.303662
LocalVariableDeclaration -0.814957 0.246754 0.162487 0.002406 1.135505 0.696558 -0.053641 -0.955495 0.002890 0.234810 -0.372117 0.012999 -0.551518 -0.193804 0.036781 0.096189 0.133816 0.373042 -0.675100 0.139064 0.876233 0.148302 0.747620 -0.437401 0.074870 -0.194536 -0.241805 0.784718 0.149203 0.033970 0.218440 0.937802 0.396750 -0.378368 -0.613526 0.431641 0.957163 -0.015533 0.437087 0.724639
Assignment 0.103531 -1.316124 -0.982670 -0.206070 0.935692 0.260650 0.194558 0.355867 0.511887 0.675664 0.447385 0.864769 0.659096 0.106834 0.043355 -0.755279 0.275762 0.877487 0.921206 -0.088906 0.221884 -0.353611 0.191799 0.038034 0.014381 -0.485892 0.195623 0.423473 -0.085159 0.531769 0.277818 -0.463670 0.554489 -0.372932 0.185235 0.098202 -0.594265 -0.915277 0.315026 0.117080
TypeArgument -0.645936 0.070231 0.580043 -0.635233 0.179628 -0.198869 -0.742690 -0.241177 -0.059001 0.043396 -1.416607 0.507746 -0.157954 1.329726 0.216562 0.051173 0.283618 -0.386042 -0.199623 -0.440478 0.309714 0.290916 -1.243879 0.648698 -0.409881 -0.732012 0.366378 1.959565 1.762702 -0.026960 0.692116 0.835864 0.262165 0.598799 -0.154479 0.210238 0.656018 -0.537107 0.119927 -0.486550
ClassCreator -0.319080 0.411884 0.480685 -0.983700 0.772133 -0.268417 -0.250297 0.045214 0.524545 0.777616 -0.222514 -0.372013 -1.180802 -0.040988 -0.237574 -0.660204 0.672271 -0.693068 0.264615 -0.265943 -0.181102 -0.246671 -0.978709 0.935114 -0.026354 -0.406595 -0.846536 0.622747 0.968761 0.532172 -0.157900 0.169563 0.274020 -0.802892 -0.267692 0.197096 0.343712 -0.496421 0.998849 -0.274954
This 0.834809 -0.844493 -1.171698 -0.666198 0.708794 0.116336 -0.163567 0.468738 -0.028722 0.940308 0.114906 1.170605 0.298797 0.656224 -0.270941 -0.407106 0.798317 0.790222 0.235033 -0.103677 -0.024546 -0.726504 -0.862012 0.602725 -0.039523 -0.955765 0.158742 0.426434 0.844828 0.447533 0.725637 -0.286639 0.988792 -1.185967 0.380045 -0.215318 -0.065644 -0.757191 0.145922 -0.502949
FieldDeclaration -0.078461 0.064154 -0.447410 -0.930022 -0.784561 0.599810 -0.070046 1.334477 -0.572560 0.477633 -0.095652 -0.662991 -0.580797 2.291891 0.429412 0.710083 0.169727 -0.184154 -0.647449 0.928993 -1.823970 1.102259 0.143296 1.012813 1.110318 -0.393036 -0.230718 0.513625 0.317033 -0.137098 -1.611511 -0.084020 -0.454075 0.045885 -0.693432 0.929951 -1.050103 -1.687656 -0.584050 -1.391208
+ 0.708875 -0.625034 0.161827 -0.228216 1.069038 0.010047 0.194083 0.230347 -0.607135 0.468928 1.040512 -0.211060 -0.814851 -0.792898 1.137757 0.744729 -0.017324 0.026823 0.051309 0.085680 0.898966 -0.180457 -1.312970 0.907720 -0.968019 -0.813062 -0.933060 -0.393454 0.302995 -0.310204 0.321560 0.480346 -0.601068 -0.547832 0.141097 0.447827 -1.083369 1.143380 -0.269653 0.305664
BasicType 0.327565 0.253072 -1.019372 0.205316 -0.147522 1.069705 -0.184862 0.694966 -0.197777 0.353146 -0.531226 -0.151751 -0.672018 1.558957 0.320081 0.076787 0.919282 0.751521 -0.382522 0.257946 -0.703955 -0.102550 0.342502 -0.508899 0.353545 -0.428246 -0.085000 -0.020452 0.005429 -0.258031 -0.502347 0.636203 0.725963 -0.671694 -0.019695 0.050444 1.266281 0.239505 0.087910 0.125409
Annotation -0.039297 -0.005188 -0.240794 -1.782916 -0.720543 0.165941 -0.369514 -0.210177 -0.997320 -0.032457 0.067416 -0.635541 -0.077853 0.985525 0.774973 0.091752 0.485093 0.639760 -0.320353 -0.239679 -0.428594 0.960432 -0.059093 1.470081 -0.647784 0.301025 1.326397 -0.446533 0.197672 1.381087 -0.243281 0.315301 0.696601 0.407001 -0.344228 0.050766 -1.152836 -0.315905 -0.762461 -0.204898
!= -0.738472 0.112744 -0.705113 0.269111 0.205183 0.384695 0.000769 -1.086689 -0.026977 -0.108149 0.155461 0.063875 0.113113 -0.345015 0.063692 -0.300984 0.308874 0.040104 0.403710 -0.061350 1.309412 0.168157 0.358887 0.737935 -0.583607 -0.926475 0.208585 -0.138836 -0.249543 0.847408 -0.218949 0.117759 1.292463 -0.084708 -1.185705 0.146863 0.019286 0.269052 0.955956 1.219692
ConstructorDeclaration 0.214166 -0.736494 -0.993510 -1.345289 0.442401 0.856976 -0.735200 0.937681 0.145156 0.965393 -0.377480 0.314240 -0.307523 2.111464 0.697440 -0.449644 0.364067 0.316346 0.825441 0.023036 -0.869260 0.551572 -0.687644 0.498692 -0.420339 0.076253 0.331458 0.618288 0.592252 -0.162106 -0.713104 -1.057118 -1.023617 -0.262650 -0.135621 0.848323 -0.508574 -1.144018 -0.108050 -1.289761
== 0.071388 0.111491 -0.728480 0.194078 0.610028 0.244730 1.067870 -0.618660 -0.089414 -0.041823 -0.498960 0.210749 0.633078 -0.349969 0.534181 0.042984 -0.288011 0.542453 -0.382370 -0.326758 1.160519 -0.350364 -0.026168 0.569465 -0.117274 -0.722452 -0.515731 -0.350930 -0.135997 0.532658 0.294011 0.091374 0.365446 -0.687201 -0.901755 0.004077 -0.230857 -0.142404 1.101610 -0.861104
ClassReference -0.672839 0.453189 -0.837024 -0.801122 -0.276307 -0.459951 -0.564691 -0.966365 0.145970 -0.051245 -0.919492 -0.158126 -0.185816 0.290635 -0.340968 0.359638 -0.836121 0.152459 -0.458113 0.828917 0.503156 0.763138 -0.009682 0.840277 0.734222 0.474457 -0.056083 0.588114 0.012406 0.717571 -0.596747 -1.054474 -0.601617 0.240848 -1.033082 0.591886 -0.045356 -0.109347 0.248787 -0.467090
PackageDeclaration -0.500158 0.540354 -0.311423 -1.415803 -0.708674 1.282865 -0.184893 1.183032 0.304213 -0.281844 -1.360594 0.586124 0.583905 1.134934 0.811434 0.332182 0.456619 -1.621085 -0.316340 -0.630744 -0.988104 1.152595 0.078412 0.903273 -0.589810 0.911631 1.406848 -0.743466 0.478765 -0.717453 -1.170803 -0.144028 -1.731842 1.035814 -0.008044 1.418965 -0.163577 -0.656152 -1.344024 -0.749346
ClassDeclaration -0.088081 -0.075947 -0.695656 -1.867799 -0.273966 0.993987 -0.480494 0.760451 0.151798 0.079042 -0.842991 -0.474392 -0.594925 1.394006 0.386717 0.785571 0.160907 -0.036683 -0.455919 0.219180 -0.672080 1.331196 -0.085027 0.600670 -0.129515 0.559653 0.519184 0.019190 0.720046 0.619882 -0.951635 0.638532 -0.702889 0.462831 0.076953 0.539515 -0.562870 -1.054632 -0.448043 -0.881362
Cast -0.131673 0.415603 0.596027 0.105464 0.880299 0.033479 -0.746975 -0.707500 -0.618387 0.188977 0.325759 -0.388157 -0.557434 -0.413405 -0.124602 -0.687777 0.045501 1.365337 -0.123607 -0.343448 0.904516 0.124650 0.080530 -1.083159 -0.081971 0.651000 0.064947 0.290442 0.022598 0.460199 0.754152 0.545044 1.047069 -0.778811 0.063830 -0.527381 -0.107842 -0.327425 0.369673 0.178861
ThrowStatement 0.324393 0.354750 0.808484 -0.647191 0.815921 -0.963557 0.582347 -0.474034 0.397435 0.411219 -0.078829 -0.199368 -0.814416 -1.353758 -0.331556 -0.590326 0.613041 -0.526715 0.023873 -0.145676 0.955543 -0.577194 -0.342535 0.302968 -0.417306 0.107277 -0.932489 -0.815355 0.765767 0.408063 -0.323017 -0.262728 0.089202 -0.822277 0.127897 -0.288468 -0.617987 0.213802 0.645605 -0.471006
CatchClause 0.163872 -0.614117 0.722412 -0.741592 1.457412 -1.187611 0.611325 -0.243244 0.740810 0.149898 0.002617 -0.533650 -1.351858 -1.092827 -0.378240 -0.838192 0.947972 -0.055888 0.426962 0.063606 1.369998 0.170044 0.585743 -0.322875 -0.442923 -0.187439 -0.992014 -0.823904 0.921723 0.551823 -1.031283 -0.052395 0.350540 -0.883709 -0.054683 -0.301282 -1.133588 -0.088362 0.126146 0.259563
CatchClauseParameter 0.181273 -0.560835 0.797583 -0.709666 1.369488 -1.172351 0.484996 -0.136704 0.707484 0.285722 0.035302 -0.656879 -1.348478 -1.165543 -0.269026 -1.085451 1.013989 -0.067277 0.680549 -0.008353 1.204886 0.120158 0.375255 -0.203782 -0.352690 -0.267916 -0.918837 -0.832624 0.802909 0.566529 -0.938075 -0.167283 0.246174 -1.059386 -0.046089 -0.289952 -1.089455 -0.002849 0.113924 0.323212
TryStatement -0.591937 -0.573848 0.387845 -0.727726 0.987184 -0.495644 -0.527605 -0.439829 0.369924 0.130190 -0.342980 -0.214765 -0.494139 -0.093104 -0.231634 -0.104313 0.673198 0.318640 -0.119068 0.233731 1.256358 -0.393327 0.522598 -0.636487 0.063303 0.071871 0.004247 0.054272 0.038360 0.609240 -0.234178 -0.296319 0.520920 -1.084468 -0.393861 -0.115621 -0.208017 -0.129107 -0.145020 0.357225
SuperConstructorInvocation 0.462767 -0.571215 -0.798506 -0.303741 0.662037 1.506796 -1.183061 0.754759 -0.823122 0.830546 0.303205 0.717706 0.436987 1.756365 1.472866 0.118474 0.168107 1.025349 0.095929 0.010435 -0.499004 0.429054 -1.091102 0.394711 -0.579639 0.265269 0.240309 0.478957 -0.506446 -0.092423 0.604902 -0.779120 -0.826312 -0.149575 0.259259 0.722533 -0.697372 -0.689143 -0.862352 -0.280097
instanceof 0.040077 1.643256 -0.358160 -0.803397 0.481714 0.308318 -1.223011 -1.116003 0.050433 0.343961 -0.408808 -0.579426 0.024147 -0.992036 -0.106611 -0.243859 0.052574 1.103337 -0.035141 0.555352 1.230303 0.282604 -0.172224 -0.248671 -0.244147 0.285299 -0.032836 0.456015 -0.273258 0.273837 1.324638 -0.429661 1.242585 -0.409210 0.262520 -0.780080 -0.142529 -0.437064 0.891534 0.501784
ForStatement -0.971353 0.320974 0.255518 0.165333 0.018294 -0.494421 -0.727821 -0.594155 -0.758034 -0.418316 -0.391476 -0.492516 -0.709005 -0.145744 0.674143 -0.081670 0.222748 0.330497 0.463813 0.144169 0.153276 -0.801244 0.136640 -0.399751 0.380547 -0.582458 0.621570 1.896183 -0.398292 -0.473371 0.854674 0.773067 0.976929 -0.313357 -0.343192 -0.201486 1.578573 1.357312 0.242565 0.222264
VariableDeclaration -0.796428 0.228811 0.140096 0.197999 -0.081817 -0.696933 -0.446022 -0.837962 -0.880902 -0.436045 -0.287311 -0.841316 -0.417181 -0.140534 0.518844 -0.159396 0.044529 0.301915 0.555545 0.206862 0.051910 -0.674245 0.401109 -0.313696 0.590249 -0.734029 0.636430 1.869769 -0.445316 -0.568563 0.759597 0.849925 1.260140 -0.245040 -0.413681 -0.208406 1.529703 1.186234 0.465407 0.101480
ElementValuePair 0.516712 -0.527338 -0.092914 -0.937368 -1.595921 -0.729012 -0.408344 -0.486877 -0.219544 -0.453822 -0.345807 0.011784 0.329221 2.124328 -0.797688 0.318415 0.255991 -0.195275 -0.245541 0.048782 -1.417535 1.196881 -0.168256 1.147464 -0.009873 1.118577 0.780850 -0.511802 0.486461 1.690983 -1.005866 -1.177702 -0.552578 1.340842 0.180006 -0.435722 -0.519107 -0.744979 -0.795665 -0.803881
! -0.553486 -0.270455 -0.139699 -0.032965 0.273126 -0.186249 -0.206435 -0.218162 0.715290 -0.322254 -0.262135 0.661027 1.031319 -1.003054 -0.368766 0.789259 -0.030660 -0.724493 -0.454593 -0.117375 1.731601 -1.587539 -0.128776 0.086787 0.136227 -0.198419 0.383858 -0.478656 -0.365360 0.036197 0.080544 -0.616754 0.233786 -1.219035 -0.516214 -0.026843 -0.172701 0.658322 -0.093631 0.321094
EnhancedForControl -1.101046 0.251062 0.072494 0.009414 -0.271080 -1.110730 -0.683408 -0.500682 -0.945585 -0.487275 -0.245617 -0.451642 -0.598657 -0.416902 0.283397 0.003392 0.015558 0.255287 0.337716 0.643862 0.458449 -0.660263 -0.046984 0.086668 0.554953 -1.043024 0.605817 2.183660 0.060736 -0.469333 0.858246 1.056442 1.429114 -0.271755 -0.396886 -0.036013 0.981511 0.923892 0.283240 0.107842
&& -0.253876 0.503286 -0.757429 0.820787 -0.044518 0.748689 -0.366680 -1.101090 0.594945 -0.183972 -0.602376 0.411369 0.963633 -0.336594 -0.224396 0.694253 -0.078167 -0.126580 -0.358283 -0.096179 1.946536 -1.081083 -0.495212 0.242450 -0.600764 -0.408218 -0.123710 -0.707919 -0.002139 0.703651 0.235466 -0.288812 1.280294 -0.283799 -0.734243 -0.587675 0.421712 0.428157 1.470702 0.868625
SuperMethodInvocation 0.033425 -0.515542 0.304875 -1.072700 0.729937 0.267456 0.138633 0.114509 -0.837865 -0.247716 -0.190138 -0.025750 -0.326525 0.413431 0.973660 -0.053553 1.227526 1.222709 -0.573603 -0.688018 1.204691 0.238183 -0.067022 -0.023328 -0.848343 -0.203318 0.793374 -0.836778 0.522719 0.923983 0.370920 1.559680 1.285268 -0.820002 -0.110198 -0.365339 -1.094989 -0.193437 -0.434387 -0.313348
TypeParameter 0.307488 -0.106771 0.555487 -1.114332 -0.207014 0.079043 0.228827 -0.390168 0.612182 -0.235604 -0.997215 0.423648 0.202127 0.157479 -0.002401 -0.381071 0.188198 -0.206019 0.140556 -1.229153 0.000012 0.586839 -0.752186 0.245137 -1.564940 0.543298 0.760682 -0.529667 1.346940 0.652551 0.540618 0.895190 -0.672295 1.341936 0.939417 -0.279429 0.411964 0.227575 -0.366364 0.269831
- 0.230668 0.160795 -0.576574 0.756093 -0.411235 0.831740 0.772063 0.662009 -0.719696 0.286596 0.689010 0.462264 -0.135356 0.242604 0.428993 0.136371 0.055879 -0.765827 0.099695 0.085289 -0.475144 0.059860 0.114727 0.517127 -0.428240 -0.717160 0.128868 -0.294142 0.156239 -1.262282 -1.108845 0.123298 0.176237 0.060742 -0.353223 0.730298 -0.411265 -0.173716 0.295483 -0.525604
> 0.061670 0.517883 0.033101 0.893472 -0.356136 0.092728 0.213081 -0.499518 0.061770 0.113495 0.770814 0.413370 0.059800 -1.161658 -0.689800 0.468606 -0.246905 -0.372804 -0.361890 0.266463 0.643829 -0.531664 -0.139899 -0.085609 -0.138850 -0.033830 -0.401597 -0.479147 -0.123869 -0.056789 0.176545 0.298081 0.585968 0.145353 0.213202 -0.344716 0.264120 0.626415 0.704346 0.743534
TernaryExpression 0.327104 0.237461 -0.465858 1.084449 -0.134449 0.288817 0.654601 -0.632029 -0.952709 0.665866 1.729929 0.869208 -1.509066 -0.607006 -1.306954 0.179184 -0.407866 0.463431 -0.903579 0.209726 -0.195108 0.837571 -0.527435 0.642684 0.117804 -0.586616 -1.282181 -0.458798 0.292545 1.026234 -0.257236 0.956295 0.679351 0.405885 -0.308204 0.032961 0.099831 -0.118898 1.300576 0.642823
|| 0.827409 1.306069 -1.270952 0.035708 0.036644 -0.337892 0.136838 -0.830217 0.621918 -0.839259 -1.608120 -0.918990 2.014104 -0.901702 0.416091 -0.417369 -0.598088 0.746072 0.097561 -0.740626 1.603790 -0.546379 -0.072203 0.205486 -0.041609 -0.286286 0.352574 -1.111503 -0.016767 0.197035 0.950188 -0.327336 0.845000 -0.713065 -0.182541 -1.122244 0.056438 0.207843 0.402894 -0.305581
ExplicitConstructorInvocation -0.518507 -1.149451 -1.087936 -1.403145 0.386516 0.174087 -0.927825 1.370081 0.686718 0.809888 -0.285555 0.087844 -0.046187 1.220003 1.105805 -0.728870 0.840072 0.056989 1.914837 0.026837 -1.307837 -0.436339 -0.795774 0.955066 -0.035231 -1.079562 0.412185 1.798137 -0.131722 -0.061962 -0.091970 -0.974206 -0.520519 -0.508951 -0.076711 0.834985 0.069917 -0.316374 -0.305333 -0.245704
< -0.004993 0.708831 0.522683 1.021369 0.052380 0.502490 0.609460 -0.762537 -0.110919 -0.482431 0.003187 -0.923125 0.588544 -0.145560 0.702104 -0.231166 -0.055619 -0.091428 0.339077 -0.457139 -0.337325 -1.089197 0.678391 -0.640847 -0.255979 -0.139798 -0.015542 0.110558 -0.668535 -0.870644 0.403752 0.247663 0.383564 -0.413945 -0.195937 -0.403749 1.334710 0.672476 0.439845 0.141740
>= 0.820267 -0.023679 -0.162107 1.342418 0.997101 0.261220 0.483453 -1.150562 0.689809 -0.297631 -0.206237 -0.862862 0.836219 -0.107506 0.067288 -0.427262 -0.530675 0.484629 0.842020 0.496280 0.776619 0.828766 0.660997 -0.279623 -1.151529 -0.947833 -1.210349 0.449980 0.623791 -0.381267 0.589481 0.225860 0.873051 0.869249 -0.039894 -0.749986 0.292568 -0.407160 1.125905 1.264678
SwitchStatementCase 0.587939 -1.133099 0.267323 1.337003 -0.579098 -1.173819 1.038777 1.788773 0.580323 0.075824 1.386574 1.085133 -0.316246 -1.544898 -1.860474 0.433629 -0.511973 0.050249 0.223051 -0.119345 -0.881099 -0.727181 -0.856059 -1.364322 1.339404 0.002456 -0.978779 -0.081720 0.419354 -0.195167 0.652253 0.950705 -0.062182 0.045982 1.732329 -1.288751 0.129427 -0.244310 0.610345 -0.848547
++ 0.260912 0.141099 0.397719 1.300559 -0.000519 0.139141 0.480198 -0.167499 -0.453033 -0.472775 0.352474 -0.719405 1.199713 -0.020051 0.226302 -0.095407 -0.368185 0.424942 0.127570 0.268047 -0.934830 -0.523446 1.496962 -0.994437 0.482047 -0.284647 0.132220 0.797404 -0.708476 -1.424362 0.860102 0.268492 0.712892 0.007217 0.181487 -0.499266 0.755025 -0.350741 -0.249324 0.171604
ForControl -0.814033 0.211080 1.148773 0.909949 0.467036 -0.831386 -0.480442 -0.739370 -0.853079 -0.639912 -0.546942 -1.418665 -0.943245 0.586334 1.535919 -0.943356 0.719559 0.324064 0.900028 0.010068 -0.384676 -1.021634 0.859524 -1.263725 0.546184 -0.584615 -0.008415 1.676870 -1.341766 -1.291821 0.500033 0.375539 0.358321 -1.020251 -0.718528 -0.200887 2.296023 2.082998 -0.048006 0.252853
BreakStatement -0.385343 -1.508007 0.280376 1.349456 -0.032337 -0.513698 1.376756 0.842853 0.309458 -0.910724 0.430342 0.483140 1.032654 -1.152052 -0.087617 0.831929 -1.201865 0.042352 0.456013 0.062005 0.326906 -0.147853 0.598912 -1.352473 0.381188 -0.113216 -0.173883 0.389697 -0.290885 -0.987354 0.872585 1.138936 -0.322863 1.085838 0.699532 -0.443441 -0.453706 -0.244136 -0.025425 -0.273225
WhileStatement -0.438302 -0.675108 1.388061 1.607159 1.007620 1.220807 -0.018364 -0.268239 1.256823 -0.103001 0.110066 0.272036 0.665494 0.875874 -0.641335 0.595800 0.379689 -1.229787 -0.328051 -0.311550 0.893593 -0.328595 0.560811 -1.164230 -0.556903 -0.372886 -0.714263 0.009728 0.595667 -0.298456 -0.396051 0.493408 0.412483 -0.240800 -0.366558 -0.164362 0.752299 -0.676276 0.279138 1.655832
InterfaceDeclaration -0.208475 0.530137 1.995650 -0.359991 -0.374413 0.153332 0.261435 0.951545 0.769021 -0.607815 -1.754932 1.282056 -0.824402 0.231238 0.005476 -0.432808 1.332146 -1.205551 -1.117084 -1.247550 -0.609626 0.378439 -0.071652 -1.306679 0.128606 1.632062 0.423949 -1.527128 0.251679 -0.814248 -0.605317 0.694543 -2.378680 1.144921 1.263008 0.665440 1.165551 1.149912 -1.430789 0.180113
<= 0.022109 -0.145074 -0.816558 0.723863 -0.040231 -0.542178 0.717648 -0.428547 -0.353766 -0.062334 -0.110592 0.963551 -0.055862 -0.507813 0.154432 -0.497486 0.004307 -0.046272 0.399229 -0.151423 0.667633 -0.360439 0.151762 0.251447 0.003982 -0.802449 0.148142 -0.192513 0.054162 -0.496737 -0.194566 -0.205105 0.199661 0.225565 -0.383580 0.354591 0.217589 0.789771 0.533227 -0.370503
ArraySelector 0.690836 0.459374 0.685250 0.845509 0.185262 -0.748659 0.786487 -0.624812 -0.276191 -0.424453 0.658683 -0.917563 0.852700 -0.667327 -0.314112 -0.569854 -0.585883 -0.420293 0.018889 0.041121 -0.631598 -0.291263 1.028649 -0.178315 0.551702 -0.011817 -0.082587 -0.238933 -0.511999 -0.909467 -0.043032 -0.828188 -0.014419 -0.638020 -0.417714 -0.297164 -0.197994 -0.399819 -0.562148 -0.373779
* 0.831806 0.300544 0.165536 0.350811 -0.276787 0.574640 -0.099819 0.638859 0.052526 0.691343 1.150693 -0.702605 0.223352 -0.062194 0.138785 0.657112 -0.086556 -0.496943 -0.454997 0.351659 -0.656784 -0.122455 -0.497503 0.910332 -0.133036 -0.274478 -0.839306 -0.567613 -0.127033 -0.129637 -0.276362 -0.402272 -0.117183 -0.155006 0.248259 0.166433 -0.891173 -0.029478 -0.462691 0.905973
EnumConstantDeclaration -0.472232 0.599672 1.208903 0.718089 -1.554084 -1.785052 -0.244193 -0.178428 -0.226436 -0.291873 -0.439651 1.437126 0.321539 0.478049 -0.976476 -0.138317 -0.071649 -1.762700 -0.730112 0.391843 -0.585758 -0.502038 -0.432722 -0.309757 0.819741 0.493986 0.237598 -0.073490 0.254643 -1.710758 -0.517094 -1.859080 -1.413612 1.055190 -0.177543 0.668329 -0.163078 0.515816 -1.022867 -0.680568
SynchronizedStatement -0.691196 -0.811145 -0.145394 -0.382775 0.699970 -0.142267 0.001146 0.256388 0.105303 -0.096486 -0.638487 0.512282 0.015456 0.051274 0.396817 0.205052 0.308471 0.715738 -0.499870 0.147845 0.813035 -0.535414 0.176203 -0.686032 0.940686 -0.177174 -0.037083 0.338093 -0.698595 0.155866 0.538976 -0.021569 -0.221075 -1.225923 -0.412358 0.264183 0.384655 0.589725 -0.286989 -0.331892
ElementArrayValue 1.279171 -0.191784 -0.088199 -0.895802 -1.623814 -0.681179 0.234919 0.454892 -0.198253 0.154389 0.394262 0.017602 0.756494 0.784517 -1.126321 -0.002764 -0.227991 0.328341 -0.206469 -0.306799 -2.371504 0.565219 -0.144975 0.628996 0.183232 1.018245 0.911862 -0.813490 0.126610 1.176121 0.024431 -0.676171 -0.357684 1.191613 1.182083 -0.706751 -0.553834 -0.672023 -1.135179 -0.599342
/ 0.783766 -0.597124 -0.205051 0.084474 0.457266 -0.250915 0.443540 -1.007919 -1.138464 0.427284 1.417323 0.550760 -1.082344 -0.391652 0.170148 -0.430473 -0.001156 0.391052 -0.142444 -0.006800 -0.027452 0.166697 -0.242333 0.869954 -0.665437 0.171573 -0.308701 -0.962964 -0.443654 0.577080 -0.349712 -0.735064 -0.659684 -0.158604 -0.277970 0.593476 -0.578863 0.867240 -0.375529 -0.021424
% 0.722724 -0.305553 -0.352842 -0.200220 0.833356 0.485976 0.184016 0.456533 -0.453088 0.630121 0.706349 -0.072498 -0.684529 -0.483325 0.951087 0.208263 -0.046460 0.732061 -0.144091 0.282879 0.364986 0.466908 -0.767926 0.444002 -0.660504 -0.030896 -0.893939 -0.612024 -0.079834 0.088092 0.126757 0.181002 -0.663566 -0.090890 0.377816 0.500773 -1.239591 0.167632 -0.149436 0.006688
ArrayCreator -0.565390 -0.334630 0.977411 0.378898 -1.085303 -0.861953 -0.974228 -0.069181 0.347806 -0.523927 -0.490701 -0.262705 -0.743306 0.968621 -1.400712 0.098278 -0.214301 0.391018 -0.266781 -0.239996 -1.153405 0.078623 0.031940 -1.776702 1.042005 1.856230 0.236699 0.324778 -0.448595 0.820732 -0.101680 0.315341 -0.761994 0.820299 0.620348 -0.743886 1.710276 0.733117 -0.171030 0.306176
ArrayInitializer -0.471419 0.152761 0.614744 0.499554 -1.335620 -0.449941 -0.585696 0.065471 -0.183164 -0.586938 0.344456 -0.793700 -1.004650 0.837567 -0.868862 0.663984 -0.712884 -0.108905 -0.523091 0.458916 -0.723813 0.648692 -0.331144 -0.597379 0.788456 1.009377 -0.441780 0.292861 -0.308936 0.546430 -0.731775 0.010112 -0.698538 0.750094 -0.127604 -0.574153 0.259477 0.346139 0.400156 -0.189525
AnnotationMethod 0.685068 0.315485 0.655044 -0.290561 -1.014432 -0.578784 -0.068381 0.327275 -0.404126 -0.095129 0.814027 -0.041596 -0.428835 -0.259290 -0.788556 -0.022373 -0.117395 0.148181 -0.577167 -0.037098 -0.798370 0.602969 0.284595 -0.237477 0.394340 1.287020 0.217851 -1.258728 -0.459875 0.410223 -0.299464 -0.415711 -0.320404 0.556301 0.615388 -0.506221 -0.967724 -0.107676 -0.816317 -0.258579
AssertStatement -0.640872 0.640023 -0.240955 0.632789 -0.389017 0.219228 -0.115293 -1.032055 0.978275 -0.318195 -0.075421 0.708825 -0.016180 -1.072430 -0.478736 0.546475 -0.235810 -1.413216 0.079656 0.425848 1.342898 0.090530 0.451352 0.293100 -0.286731 0.300470 -0.162447 -1.137802 -1.171491 0.102722 -0.724711 -1.452477 -0.895578 0.845248 -0.437668 0.461194 0.289452 1.105975 0.518862 1.320180
AnnotationDeclaration 1.029163 -0.130816 0.032419 -0.446408 -0.829654 1.079037 0.612250 1.605915 -0.445086 0.223209 0.804483 0.475412 0.878151 -0.298739 0.109055 -0.157028 -0.178456 0.686974 -0.404847 -0.887855 -1.555124 0.679637 0.775800 -0.082746 0.043068 0.982560 1.017295 -1.900650 -0.981241 0.202963 0.109751 0.595476 -0.614425 0.502190 1.072614 0.264142 -1.283744 -0.400665 -1.622249 -0.003733
SwitchStatement 1.182998 -0.188913 -0.254326 1.142685 -0.663882 -0.190948 0.270044 0.910795 0.011527 0.100437 0.801789 0.659378 -0.183941 0.087011 -1.471211 0.477361 -0.460477 0.574651 -0.193416 0.055451 -1.467088 -0.387689 -0.750405 -1.159816 1.015097 0.404612 -0.790876 -0.155279 0.047053 -0.144223 0.641377 0.158732 -0.071879 -0.322315 1.322778 -1.089015 1.105356 -0.090075 0.231050 -0.652878
+= 0.469226 -0.328725 0.024959 1.233925 -0.146189 -0.264726 0.194619 0.535438 0.376397 -0.080276 1.079074 0.071763 1.344976 -1.259840 -0.401969 -0.128472 -1.144266 -0.119175 0.469086 0.098329 -0.435998 -0.526376 0.097909 -0.493335 0.461837 0.276316 -0.167007 0.005846 -0.740280 -0.717243 0.951751 -0.472058 -0.339653 0.596754 1.065635 -0.220734 -0.499320 -0.444188 -0.284765 0.473820
ConstantDeclaration -0.798819 1.049987 1.730793 1.025339 -1.013371 -1.163290 -0.282479 -0.631914 -0.451435 -0.831197 0.386805 0.132228 0.000233 -1.192938 -0.536341 -0.132543 -0.784829 -2.233501 0.053034 -0.050756 -0.072598 0.383399 0.199541 -0.108707 0.140061 0.822564 0.323119 0.163023 -0.223705 -1.295862 -0.375454 -0.903610 -0.952546 1.602376 -0.285257 0.185899 -0.468910 0.084935 -0.599983 -0.057463
EnumBody 0.156713 0.849137 1.027769 0.639220 -1.486811 -0.654491 -0.776115 1.256533 0.022382 0.284538 0.472375 1.155329 0.132582 -0.284679 -0.940631 -0.095998 -0.415780 -2.013666 -0.478597 0.309492 -0.736645 -0.078702 -0.087023 -0.471357 0.476469 1.122795 0.331508 -0.740038 -0.399171 -1.667683 -0.564655 -1.983001 -1.579896 0.964329 0.558970 0.651182 -0.855713 -0.050166 -1.229982 -0.222645
EnumDeclaration 0.069588 0.966395 1.310302 0.395347 -1.643689 -0.553740 -0.581981 1.342457 -0.218925 0.134500 0.576154 0.574585 -0.111092 -0.284899 -0.573665 -0.236597 -0.447051 -2.105125 -0.351359 0.173426 -1.106505 0.376426 0.187730 -0.215804 0.067012 1.145157 0.496007 -0.723137 -0.374824 -1.466950 -0.772370 -1.531242 -1.658988 1.300923 0.521540 0.740934 -1.053373 0.009389 -1.377944 -0.072914
-- -0.207129 -0.105539 0.605335 1.223455 -0.752687 0.605901 1.019282 0.029544 -0.250368 -0.592588 0.438496 -0.318183 0.256916 0.319185 -0.195197 0.721631 -0.236047 -0.130952 -0.800259 0.050620 -1.060996 0.552384 0.887930 -0.703984 0.493203 0.046681 -0.231182 -0.200611 -0.419313 -0.105258 0.230965 1.477558 0.269746 0.967333 0.264017 -0.321738 0.609923 -0.402122 -0.340056 0.408658
ContinueStatement -1.130932 0.050126 -0.069564 0.849638 0.312541 -0.886534 -0.308654 -1.036632 0.182239 -0.846075 0.099040 -0.337075 1.113609 -1.530979 -0.101538 0.758897 -1.213623 -0.167640 -0.106141 0.767499 2.121819 -1.012468 0.607935 -0.497657 0.802332 -0.185994 -0.094861 0.804407 -0.986069 -0.342494 0.427985 -0.689202 0.297106 -0.531954 -0.940458 -0.153162 -0.314489 0.327078 0.296455 0.210885
*= 0.937398 -1.015940 -0.368167 0.571701 0.370172 -0.029479 1.268218 0.108809 -0.808461 0.295088 1.739687 -0.148533 0.473167 -0.067426 -0.027452 0.025082 0.183821 0.815122 0.010031 0.189592 -0.481360 -0.362339 0.685051 0.382708 -0.045219 -0.892820 -0.375480 -0.737588 -0.341884 0.272106 -0.316975 -0.036776 0.961757 -0.801763 0.004036 -0.102231 -1.483105 -0.349408 -0.389248 -0.149691
& 0.264841 -0.202416 0.130694 1.393675 -0.594021 -0.535135 0.727991 0.271736 0.112083 -0.430434 1.220060 -0.071641 1.061215 -1.261528 -0.374299 -0.072199 -1.173856 -0.885059 0.574227 0.375262 -0.280245 -0.537924 0.846216 -0.412078 0.406022 0.287321 -0.096566 -1.095587 -1.284117 -0.893365 -0.530224 -1.423000 -0.890997 0.374314 -0.083487 0.114562 -0.643396 0.494887 -0.536178 0.390925
-= -0.059596 0.205964 0.602727 0.259923 0.239319 0.462755 -0.139124 1.516979 0.481565 0.346904 0.775135 -0.390053 -0.177147 -0.495701 -0.035920 -0.644210 -0.201454 -0.039915 0.233763 -0.965538 -0.976168 0.079303 0.227567 -1.141917 0.937296 1.352392 0.050297 -0.561069 -0.913119 -0.627159 -0.395956 -0.418075 -0.970208 -0.573069 0.826416 0.375430 -0.689233 -0.851167 -0.868346 -0.073334
>> 0.430403 0.175705 0.178778 1.542411 -0.643434 -0.419284 0.788367 0.029475 0.030370 -0.352772 1.188427 -0.108367 1.098823 -1.403267 -0.325807 -0.280092 -1.105638 -0.857228 0.400757 0.134758 -0.366010 -0.524334 0.912903 -0.408724 0.396386 0.366194 -0.136692 -1.181086 -1.269468 -0.957259 -0.409198 -1.284726 -0.757076 0.135644 -0.089264 0.057110 -0.617978 0.533869 -0.530144 0.368220
| -0.101251 0.950853 0.563174 -0.078743 0.329382 0.038935 -0.105964 -0.284791 -0.019181 0.417020 0.132230 -0.234769 -0.689743 -0.605193 0.155907 -0.997036 0.595772 -0.471114 0.326386 -0.306079 -0.185616 -0.012691 0.077523 0.027104 -0.113164 -0.155656 -0.240541 -0.175102 -0.061681 -0.245483 -0.085318 -0.231506 -0.059809 -0.523557 -0.421795 0.398587 0.288568 0.174572 0.096184 0.322455
|= -0.135180 -0.335119 -0.713900 0.073666 -0.061148 -0.097343 0.196165 -0.222521 0.484849 0.016414 0.249853 0.343564 1.099715 -0.724233 -0.556618 -0.284418 -0.343629 0.384932 0.213420 -0.004318 0.145577 -0.235510 0.418166 0.013240 0.432353 0.375752 0.356137 -0.507478 -0.707029 0.518883 0.176543 -0.854439 0.156827 -0.160508 -0.087538 -0.091065 -0.655861 -0.546268 -0.127455 0.258035
/= 1.045594 -0.273786 -0.361370 1.131101 -0.387277 0.542095 0.869402 1.113897 0.026622 0.342873 1.402834 0.353817 0.867666 -0.256344 -0.140612 0.004000 -0.185321 -0.058051 -0.098590 -0.332529 -1.159236 -0.443560 0.316928 -0.150016 0.216079 0.080537 -0.261204 -1.362374 -0.852051 -0.598941 -0.323214 -0.560382 -0.465728 -0.207873 0.573133 0.155927 -0.593290 -0.050868 -0.727389 0.184605
DoStatement -0.621867 1.448249 0.724476 0.727008 -0.723708 -0.566538 -0.341935 -0.936327 -0.825672 -0.080152 -0.250315 0.748069 0.713322 -0.719980 0.184943 -0.691157 -0.012979 -1.256355 -0.029509 -0.664901 0.459008 -0.343998 -0.634957 0.955341 -0.692035 -0.595111 0.807687 0.476815 0.199079 -0.896856 0.889897 -0.433001 0.567129 0.777855 -0.544290 0.439514 0.324184 0.458159 -0.088919 0.320749
<< 0.163671 0.120550 0.350153 1.367364 -0.643459 -0.307444 0.516631 0.379743 0.065780 -0.275149 1.075790 0.158693 0.925429 -1.239906 -0.330096 -0.174996 -0.965548 -0.945612 0.277202 0.082649 -0.338174 -0.398124 0.783687 -0.575690 0.433331 0.538293 0.013204 -1.085269 -1.222712 -1.066494 -0.396675 -1.105032 -0.920229 0.369118 0.014001 0.288995 -0.649943 0.457617 -0.683804 0.424452
%= 0.236888 -0.605750 -0.044670 0.225548 0.100171 -0.599516 0.747838 0.299650 0.020587 0.349389 0.515154 0.760713 0.464598 -0.219960 -0.618387 -0.335732 0.231666 -0.197674 -0.120135 0.096107 -0.153646 -0.659900 0.262335 -0.002407 0.272703 -0.411670 -0.048542 -0.168863 0.181111 -0.209633 -0.198200 -0.496660 0.225234 -0.459231 0.027429 0.060464 -0.501536 -0.361818 -0.091411 -0.385786
^ 0.129712 0.536318 0.586393 1.427966 -0.644518 -0.342395 0.384393 0.083979 -0.134293 -0.279918 1.040335 0.134865 0.804456 -1.333428 -0.359133 -0.253032 -0.944693 -0.992104 0.022450 0.088072 -0.187647 -0.281698 0.641088 -0.523233 0.346613 0.521656 -0.023177 -1.041490 -1.101523 -1.124495 -0.265768 -1.068492 -0.769604 0.469881 -0.055831 0.269336 -0.627061 0.445464 -0.607552 0.440730
<unk> 0.020053 -0.010134 0.001615 0.042094 0.016780 -0.018006 0.030205 -0.006017 -0.002877 0.009225 0.045062 0.010516 0.030152 -0.056872 -0.013335 -0.006449 -0.013090 -0.011961 -0.002844 0.003672 0.026042 -0.025637 0.015936 -0.005299 0.005876 -0.002198 -0.019807 -0.047721 -0.025553 -0.017546 -0.008864 -0.044015 -0.004633 -0.019223 -0.004270 -0.000053 -0.056301 -0.001580 -0.010728 0.010149
