ReferenceType -0.228586 -0.956371 -0.127982 -1.277435 -0.105805 -0.209217 -0.135717 -0.929943 0.237162 -0.585759 -0.681191 -0.711776 0.380313 -0.733773 0.160366 -0.032309 0.691289 -0.296392 0.144212 -0.140434 -0.411149 0.402856 -0.403232 -0.640348 -0.106679 -0.026997 -0.026920 0.298994 -1.525909 0.289281 -1.082355 -0.517126 -0.675377 -0.419306 -0.154611 -0.562711 0.353450 -0.392290 0.540244 0.388949
MemberReference -0.067370 -0.071511 -0.608965 -0.232691 -0.133777 -0.101514 -0.020000 0.199652 0.103692 0.498330 0.242742 0.388616 0.562562 -0.529915 0.622273 -0.094976 0.024789 -0.210558 -0.814002 -0.253358 0.217692 -0.601823 0.273229 -0.327613 0.239370 -0.217225 0.275420 -0.711335 0.000347 -0.198960 -0.592057 0.527012 0.450367 -0.495566 0.082502 0.304238 -0.154443 -0.425245 0.304497 -0.236392
MethodInvocation -0.400889 -0.388567 -0.091126 -0.392751 -0.013951 -0.521134 -0.111913 0.189141 0.115023 -0.341801 0.899198 -0.413103 0.741999 0.261312 0.635745 0.394678 -0.237004 0.765316 -0.443484 -0.669115 0.062812 0.498442 0.381542 0.229867 -0.333930 0.467611 -0.564227 -0.727199 -0.564278 -0.075740 -0.193190 -0.162005 0.055503 -0.636184 -0.187474 0.527540 -0.418409 -0.330935 0.042128 0.888317
Literal 0.744622 0.148033 -0.405518 -0.101273 -0.037033 -0.679525 0.632670 0.239319 -0.314122 0.270233 1.028157 0.747730 0.229397 0.121479 0.957150 -0.244043 -0.069328 0.007236 -0.543899 0.001808 0.988346 -0.130976 0.098371 -0.326897 -0.598321 -0.621817 0.138248 0.535050 -0.528283 0.312266 0.025144 -0.225946 -0.522326 -0.315324 -0.241306 0.012584 0.590548 -0.363025 -0.538365 0.312034
BinaryOperation 0.539778 0.534911 -0.086956 0.184343 -0.537998 -0.077060 -0.224303 0.687817 0.226353 0.287752 1.911266 -0.707421 0.325122 0.263471 0.453021 -0.637764 0.029107 -0.638592 -0.658706 0.475788 0.568359 0.000935 -0.295318 -0.048575 -0.658868 0.567128 0.215041 0.369546 0.052525 -0.811140 0.197005 -0.355610 0.228965 0.386804 -0.261089 0.036592 -0.424682 0.173097 -0.159045 1.641277
StatementExpression -0.144797 -0.310049 -0.045254 -0.027118 -0.408548 -0.387114 -0.468926 -0.263281 -0.249699 0.516090 0.602542 0.344804 -0.316170 -0.286917 0.693404 0.216128 -0.346443 0.352619 -0.733974 -1.084299 0.014916 -0.932397 0.195361 0.228735 -0.298489 -0.052905 -0.441918 -1.132126 0.293528 0.333599 -0.289906 -0.089735 -0.239536 -0.282073 -0.433130 -0.118587 0.523397 -0.066055 0.860135 -0.061188
FormalParameter 0.177730 -0.659160 0.055875 -0.722520 -0.596077 -0.272087 -0.452794 -1.477965 -0.271499 -0.387837 -0.639656 -0.975354 -0.523067 -1.169705 0.913916 -0.170953 0.740194 -0.538650 -0.140953 0.540472 -0.754647 0.231986 -0.948127 -0.596977 0.384772 -0.296063 -0.699490 -0.420283 -0.289088 0.581939 -0.026898 -0.206378 -0.182100 -1.563739 -0.178786 0.001859 0.549607 -0.144608 0.977260 -0.455539
VariableDeclarator -0.038911 -1.273604 0.185067 -0.669906 1.445666 -0.098985 0.069636 -0.674548 0.950823 -0.917092 0.289416 -0.434214 0.077478 0.475357 0.506553 -0.255298 -0.085452 0.189201 -0.138219 -0.253545 0.388798 -0.123907 0.013919 -0.018064 -0.342837 -0.413413 -0.133053 0.847555 -0.693729 -0.342654 -0.481363 0.379471 -0.759739 -0.521619 -0.304581 -1.067099 -0.182097 -0.335151 -0.573601 0.291362
MethodDeclaration -0.320877 -0.078036 -0.586002 -0.507400 -0.646764 0.492107 -0.360953 -0.888862 -1.359672 0.199574 -0.491333 -1.088749 -0.048371 -0.454440 0.979217 0.127320 0.220576 -0.120416 0.284029 0.470963 -0.700801 0.153870 -0.861629 0.352851 -0.197096 -0.337781 -0.137637 -0.512201 -0.483481 0.722396 -0.125957 -0.901223 -0.425312 -1.101543 -0.269390 0.168668 -0.471515 -0.801509 0.922431 -0.214575
BlockStatement 0.000205 -0.625228 0.197950 -0.378976 -0.267884 -0.723727 0.132403 0.414252 0.522210 0.105043 0.387945 0.429081 1.012057 -0.324816 0.863848 -1.022834 -0.865007 0.629208 -0.392680 -0.457045 0.545948 0.572804 0.626703 -0.054396 0.199027 -0.377495 0.446034 -0.563018 0.286670 -0.113284 -0.272076 0.046060 0.199256 -0.109925 0.468739 0.267629 -0.160131 -0.316127 -0.187441 0.928201
ReturnStatement -0.858569 0.292869 -0.686382 -0.876098 -0.509074 0.449919 -0.411981 0.038080 -0.949428 0.176932 0.088678 -1.349068 0.521962 -0.064877 1.665291 0.348521 0.335163 0.369106 0.249013 0.463402 -0.060267 0.719617 -0.281777 0.085108 0.232191 -0.604302 0.444950 -0.144255 -1.113179 0.023337 -0.025586 -0.187333 0.607572 -0.780437 0.632248 0.787428 -0.750110 -0.834436 0.125260 -0.024190
+ 0.511243 0.203930 -1.276158 -1.074119 -0.812130 0.082425 -0.596831 0.376074 -0.111729 1.303862 1.202613 -0.488874 0.602034 -0.072917 0.582693 -0.205025 0.144907 -0.045997 -1.785079 -0.295777 0.776070 0.588150 0.440919 0.105250 -1.061442 0.625829 0.496073 -0.404131 -0.782893 -0.629206 0.439931 -0.811792 -0.216419 -0.757788 -0.095876 0.493812 0.417801 0.876659 0.410949 1.137163
LocalVariableDeclaration 0.150630 -1.070917 0.487259 -0.503677 0.312680 -0.308623 -0.415617 -0.108887 -0.039271 -0.664024 0.159690 -0.735853 0.518402 0.449233 0.571040 -0.741382 -0.751636 1.160573 0.122038 -0.203247 -0.103026 0.395292 -0.272902 -0.087613 -0.116892 0.113903 0.673302 -0.502386 -0.556591 -1.145153 -0.289839 0.610812 -0.002394 -0.274882 -0.492852 -0.776444 -0.267063 -0.956248 -0.147479 1.205317
Import -0.531299 -0.044770 0.698348 -0.634939 1.102841 -0.204240 0.249128 -1.612298 -0.830500 -0.416397 -0.269557 0.012636 -1.026008 1.809122 -1.151136 1.693580 0.999387 -1.152329 1.877318 1.736767 -0.060047 -0.966696 -1.921480 0.209797 0.357095 -1.001048 -1.234063 1.471065 -1.057657 1.682371 -0.933621 -0.223401 -1.480513 0.127182 -0.995421 0.048938 -0.349801 -0.055355 0.401234 -1.594682
BasicType 0.212677 -0.569927 0.047658 0.152125 0.923608 0.386672 -0.293497 -0.829398 0.280962 -0.393822 -0.577245 -0.253403 -0.389551 0.042091 0.521873 -0.371162 -0.064975 -0.065522 -0.301244 0.556238 -0.386165 0.054601 -0.373110 -0.233496 -0.077074 -0.645077 -0.344342 0.250479 0.322038 0.013266 0.624695 0.854088 -0.622431 -1.415890 -0.501496 -0.496772 0.086879 -0.279815 -0.485157 -0.161906
IfStatement 0.502970 -0.096992 0.345419 -0.216993 -0.917447 -0.729664 0.523584 0.143199 -0.042480 -0.241574 0.813295 -0.024307 0.510027 -0.325419 0.699267 -1.187751 -0.538126 -0.363277 0.201713 0.311486 0.224867 -0.056489 -0.053770 -0.025938 -0.367127 0.285877 0.359448 -0.128600 -0.070214 0.112127 -0.027369 -0.781252 0.373906 0.062724 0.339050 0.076791 -0.205665 -0.117714 -0.118377 0.854615
ClassCreator -0.230226 -0.675922 0.359251 -1.822291 -0.417598 -0.242687 -0.295329 -0.230513 0.380304 0.509642 -0.011388 0.144426 0.753193 -0.134807 0.400708 -0.652799 0.352206 0.100690 0.005450 -0.505387 -0.018067 0.718801 -0.003623 -0.256550 0.074847 -0.776873 -0.117932 0.809147 -1.613680 0.452009 -0.114312 -0.208050 -0.761356 -0.035689 0.200821 -0.205609 1.166909 -0.022108 0.863188 0.440992
Assignment -1.385777 0.020519 0.103646 -0.459059 -0.008656 0.009092 -0.402062 0.566747 -0.411986 0.678678 0.080614 0.600579 -0.377701 0.190391 0.341518 0.226461 -0.310627 -0.189519 -0.602031 -0.630783 0.253828 -0.687778 0.366474 0.360703 0.485534 0.086336 -0.499424 -0.766652 1.221011 0.581130 -0.418804 0.148205 0.214227 0.393811 -0.336946 -0.084168 0.076590 0.178447 0.936194 -0.395857
FieldDeclaration -0.487218 -0.676791 -0.663769 -1.968545 1.199814 0.393519 1.211027 -1.188763 -0.254705 -0.376239 0.168761 -0.230548 -0.627920 1.114410 0.647782 0.592513 0.954511 -1.180622 -0.830176 0.302142 1.079778 -0.060467 0.140534 0.703695 -0.133890 -0.455395 -1.181429 1.923537 -0.951178 1.583554 -0.346402 -1.234996 -1.669569 -0.783364 -0.892198 -0.576659 0.242056 0.789231 -0.069170 -1.544082
ArraySelector 0.398589 -0.507258 -1.110706 0.269731 -0.160955 0.589344 0.835071 -0.096068 0.631231 0.024073 -0.066629 0.709205 1.675097 -0.606520 -0.508458 -1.303978 -0.638353 -0.248315 -1.162780 -0.520990 -0.092279 -0.725973 1.064983 0.085708 -0.369536 0.912146 0.619438 -1.091220 0.025783 -0.907435 -0.338042 0.025789 0.251653 -0.329836 0.086862 -0.079936 -0.763493 -0.373863 -0.221135 0.272953
This -1.678363 -0.842563 -0.834860 -1.000180 -0.264541 0.368871 -0.308448 -0.486117 -0.935221 0.544261 -0.979828 -0.318337 -0.434987 -0.316267 1.289299 -0.467372 0.063272 -0.237194 0.191322 -0.328099 0.254037 -0.594351 -0.094256 -0.656010 0.610500 0.520165 -0.217044 -0.932730 0.041949 0.494050 0.491553 -0.135805 0.689444 -0.992956 0.823380 -0.759177 0.333034 -0.838428 1.111190 -0.882489
== -0.939597 -0.544460 0.456210 -0.449864 -1.006439 -0.828590 0.370429 0.104031 -0.319686 -0.486020 0.488061 0.249165 0.567720 0.238539 0.886479 -0.989495 -0.467819 -0.749554 -0.443021 0.902948 1.241872 -0.100799 -0.338035 -0.416358 0.092532 -0.217855 0.197185 -0.514062 0.368864 0.393428 -0.805818 -0.968615 0.087824 0.651094 0.193609 0.438857 -0.602241 0.416978 -0.307796 0.835622
Cast -0.404467 -0.515161 0.121603 0.370684 -0.310729 0.380564 -0.044620 -0.009866 0.195892 -1.358812 -0.811619 -0.812902 0.429143 -1.185604 0.338350 0.127228 -0.097012 0.747190 -0.346570 -0.226193 -0.531413 0.580368 0.260975 0.207533 -0.283175 -0.387908 0.837953 -0.559339 -0.305758 -0.266544 -1.291724 -0.490432 -0.011718 0.690894 0.026202 0.205072 -0.499461 0.213776 -0.588647 0.361832
ForControl 0.192099 -1.022540 -0.354707 1.039055 0.967895 -0.137873 -0.114525 -0.032612 1.578264 -0.340589 -0.323704 0.677361 0.452631 -1.439470 0.339430 -0.653866 -0.092253 0.182505 0.012909 -0.413495 -0.223238 0.315041 0.604660 -0.982818 -0.659016 -0.168018 -0.562758 0.280786 0.482725 -0.008188 0.083342 0.493115 -0.566185 -0.696647 0.235710 -0.460690 -0.048713 -1.018566 -0.352165 1.520795
ForStatement -0.012161 -0.694661 -0.149459 1.295274 0.607480 -0.074081 -0.478410 0.040840 1.462115 -0.259084 -0.001626 0.621491 0.751932 -1.234305 0.254590 -0.605616 -0.233455 0.371185 0.194988 -0.597284 -0.481579 0.537675 0.368843 -0.922525 -0.506810 -0.246708 -0.632824 -0.117510 0.411023 -0.017362 -0.133290 0.512923 -0.485329 -0.488068 0.308595 -0.232653 0.117988 -1.320296 -0.237941 1.932036
VariableDeclaration 0.084749 -0.844083 -0.340419 1.101382 1.133246 0.021215 -0.438846 0.089547 1.601860 -0.251698 -0.354402 0.713446 0.564966 -1.206106 0.306962 -0.775090 -0.355906 0.238584 -0.050239 -0.458237 -0.310170 0.440991 0.548363 -1.002411 -0.566791 -0.249104 -0.320367 0.063800 0.655234 -0.176587 -0.055011 0.721174 -0.492086 -0.723579 0.315596 -0.585287 0.082483 -1.095292 -0.558926 1.595235
!= 0.307226 0.141453 -0.173080 -0.233178 -0.474622 -0.641461 0.583666 1.071291 -0.541297 -0.505820 1.384565 -0.600182 0.277624 -1.109478 1.599622 -0.362201 0.041308 0.064967 -0.919841 -0.868193 0.248308 0.053011 0.344843 0.164305 0.164792 0.752753 0.033217 -0.353657 0.408670 -0.285074 -0.942425 -0.650971 0.791490 0.288243 -0.479848 -0.434582 0.232606 -0.800713 0.663565 0.589400
< 0.189056 -0.188203 -0.325356 1.061037 0.339760 0.699425 -0.483619 0.606440 1.131939 0.658537 0.299829 0.547470 1.754799 -0.444267 0.237964 -1.623108 -0.634599 -0.112049 0.028275 0.270988 -0.544690 -0.077144 0.277490 -0.476385 -0.562054 -0.339194 0.452679 0.029968 0.400605 -0.824551 0.674184 0.744345 -0.087194 -0.419177 0.304802 -0.251440 -1.059421 -1.489063 -0.342830 2.023520
++ 0.837240 -0.424368 -0.179452 0.461435 0.066551 -0.580597 -0.629921 -0.017493 1.172157 0.738547 0.224269 0.600374 1.117348 -0.881884 -0.005070 -0.941075 -0.786549 0.142609 -0.299999 0.332624 -0.155817 0.078409 -0.083928 -0.800732 0.029797 -1.082545 0.793848 -0.618330 0.578464 -0.911524 -1.043845 1.272609 0.026324 -0.686282 0.008596 0.509251 -0.703945 -0.921245 -0.097764 1.569208
ThrowStatement 0.271434 0.423037 0.418239 -1.850217 -1.368721 -0.070501 -0.273254 0.702993 -0.084744 1.260222 0.322032 -0.194640 0.748585 -0.180263 0.718156 -0.987471 0.072999 0.125131 -0.453862 -0.116451 0.331206 1.263211 0.122292 0.515306 0.483231 -0.521268 0.912448 0.274885 -0.392647 0.017197 0.472273 -0.646764 0.297620 0.527418 0.791103 0.530522 0.870708 1.054954 0.818219 0.155310
ClassDeclaration -0.406287 -0.126204 0.608342 -1.399848 0.593182 -0.143924 0.236241 -1.248560 -0.564029 -0.445186 0.477516 -0.836027 -1.070343 1.408540 0.308588 1.442674 1.005580 -0.725847 0.371471 0.510723 0.399260 -0.577419 -1.036439 0.574355 0.597888 -1.271920 -0.831792 1.208478 -0.927865 1.180449 -1.022850 -0.228947 -1.033926 -0.129238 -0.851981 -0.158075 -0.076754 0.361612 0.434365 -1.611249
&& 0.634639 -0.150923 0.542051 0.342014 -0.434695 -1.012728 1.097637 0.290721 0.815215 -0.828106 1.456595 -0.836263 0.421462 -0.598491 0.861413 -1.218248 -0.295280 -0.622645 0.879914 0.172639 -0.032976 -0.267834 0.144773 0.286476 0.007020 1.109958 -0.235413 0.343315 0.487605 -0.169461 0.143606 -0.770760 1.315280 0.491578 1.114469 0.055566 -0.928765 -0.477242 0.176097 0.735456
ConstructorDeclaration 0.084567 -0.474637 0.388182 -1.937558 0.555017 -0.991998 -0.398651 -0.996024 -0.383423 0.018982 -0.408663 0.048471 -1.935032 0.407817 0.508567 1.034721 0.560875 -0.721828 0.214802 -0.115124 0.369179 -1.097222 -0.544591 -0.384225 -0.031058 0.125970 -0.331262 0.029212 -0.370915 0.979633 0.145517 0.057909 -0.199095 -1.202627 -0.080420 -0.846035 1.317412 1.226312 0.513405 -1.754651
! -0.099837 -0.265333 0.301510 -0.705664 -0.153218 -0.989884 0.534434 0.969750 0.743060 -0.132764 0.013190 0.217689 0.961548 -0.696621 0.983262 -1.037652 -1.009974 0.285643 0.521928 -0.567877 -0.440386 0.548732 1.126205 0.388299 -0.444313 1.151913 -0.001769 -0.548908 0.549941 0.567785 1.025584 -0.595574 1.075099 -0.486393 1.343927 0.377283 -0.107611 0.017435 0.137550 0.650866
PackageDeclaration 1.167831 0.311603 0.732292 -0.481609 0.658326 0.512207 0.054103 -1.684979 -0.371263 0.314680 -0.506522 -0.124724 -1.510988 0.981998 -1.158501 0.917253 0.822896 -1.167081 1.766667 1.134631 -0.420564 -1.128979 -1.214090 1.152342 0.089651 -1.574518 -0.358256 1.955094 -0.531047 0.976909 -0.088786 -0.508843 -1.107205 -0.048596 -0.238033 -0.121496 -0.150184 0.850973 0.659101 -2.235145
- 0.129593 -0.236010 -0.340644 0.604668 0.102178 0.106942 0.961515 -0.142473 -0.153017 0.318395 1.010082 -0.153988 -0.009670 1.117779 0.280146 -0.891879 -0.554295 0.379766 -0.281184 -0.023802 1.674068 0.558568 0.336177 0.247425 0.849762 0.217981 -0.311276 0.326629 0.745213 -0.510957 0.969020 0.192260 0.106546 0.033667 0.383970 -0.209955 -0.366821 -0.448877 -0.490663 -0.117441
TernaryExpression -1.266035 0.105363 -0.668182 -0.012905 -0.516690 0.590528 0.126051 0.709357 -0.700573 -0.016580 0.961967 -0.125945 0.464436 0.265113 0.829327 -0.633216 0.344954 -1.080740 -0.791455 0.834744 1.431789 -0.992668 -0.315914 -0.785317 0.389650 0.082762 0.636991 -0.135913 -0.109530 -0.750566 -1.078283 -0.130390 0.738203 0.959015 -0.123465 -0.157936 -0.928424 -0.583054 -0.306936 0.598095
ArrayCreator -0.289396 -0.598141 -0.094650 0.666534 0.174728 0.356836 0.048839 -0.601802 -0.675494 -1.266468 -0.770038 -0.104784 -0.465504 0.310487 -0.089282 0.691540 0.133611 1.605578 -0.699170 -0.262985 0.826732 1.530805 0.073995 -0.565758 0.187882 -0.402466 -0.263308 -0.254477 -0.683918 -0.233702 -0.226304 0.132752 -1.188935 0.168993 -0.924771 -0.416005 0.989048 0.005537 -1.256969 0.257674
|| 0.016464 -0.008033 1.080022 -0.551133 -1.497542 -1.099515 0.751769 0.001745 -0.369878 -1.281284 1.044360 -0.118809 0.663145 0.782218 0.216379 -1.149491 -0.250674 -1.285955 0.185121 1.320887 0.135029 -0.619656 -0.875823 -0.781923 -0.272268 1.171407 -0.212678 -0.690147 -0.603004 0.085304 0.423394 -0.415728 0.691606 -0.294656 -0.311962 0.254630 -0.322110 0.255122 -0.577443 1.119979
TryStatement -0.210569 0.055631 0.819369 -0.448064 -1.241500 -0.089171 -0.014221 0.354994 -0.453234 -0.514701 -0.217147 0.082628 0.275908 -0.499785 0.590263 -0.651360 0.036250 0.516294 -0.266962 -0.835743 -0.760800 0.338531 0.280052 -0.228412 0.168371 0.514850 -0.228648 -0.607678 -0.660843 0.027451 1.108950 0.090190 0.537760 0.058744 0.071726 -0.326662 1.325551 0.171167 0.310865 -0.166393
CatchClause 0.432379 0.494244 0.569376 -0.203079 -1.836849 0.071143 -0.393984 0.385781 -0.605437 0.096477 0.357076 -0.142576 0.191594 -0.244751 0.067285 0.382575 0.276586 1.473048 -1.000931 -1.546377 -0.287955 0.202190 0.600636 0.322804 -0.075834 -0.187939 0.550818 -0.597990 -1.351011 -0.571854 0.097569 -0.104547 0.113377 1.259690 -0.496431 0.141691 1.669915 0.787089 0.590573 -0.465158
CatchClauseParameter 0.538286 0.412248 0.507862 -0.291192 -1.688171 0.324821 -0.464008 0.283273 -0.531510 0.123921 0.257949 -0.231189 0.020956 -0.641232 0.178719 -0.078726 0.235275 1.397889 -1.124132 -1.787030 -0.472384 0.545639 0.537466 0.474515 -0.086023 0.013272 0.499805 -0.759486 -1.228534 -0.807551 0.396139 -0.045702 0.282319 1.103347 -0.059932 -0.160987 1.871712 0.941150 0.549126 -0.313900
> 1.080298 0.186264 0.128014 0.462406 -0.258718 -0.405135 0.987528 -0.203092 0.783954 0.162506 1.780108 0.135962 1.327737 -0.451353 0.274956 -0.739320 -0.291515 -0.054534 0.024711 -0.962073 -0.634151 0.048477 0.354908 0.489019 0.099459 -0.069127 -1.248611 0.340757 -0.350942 0.273326 0.114303 0.317348 -0.300509 -0.705926 -0.242958 0.177959 -0.471097 -1.573177 0.529384 0.704332
instanceof 0.337902 0.174110 0.866804 -0.354896 -0.665561 -0.034339 -0.356810 -0.289777 0.759709 -0.888073 0.090743 -0.745132 0.422583 -0.928433 0.434003 -0.318565 0.180917 -0.740372 0.253734 0.387016 -1.047402 -1.476079 -0.578401 0.353745 -0.596790 -0.763801 1.355678 -0.078254 -0.769464 -0.519357 -1.236209 -0.082246 0.715714 0.843617 0.510971 0.339386 -0.560761 0.591751 -0.165154 -0.069846
ClassReference -1.264911 -0.401569 0.051123 0.807967 -1.253336 0.147503 0.510737 -0.514305 -0.173211 -0.779192 -1.045789 1.238931 0.890234 -0.454747 -1.300064 0.067479 0.087673 -0.010425 -0.442777 -0.142814 -0.509616 0.454800 0.468538 -0.944805 0.362971 0.721917 -1.475985 -1.607116 -0.156861 0.862698 -0.197695 -0.167142 -0.233352 0.059822 -0.311072 0.905661 -0.125105 0.012194 -0.152517 0.332542
* -0.009204 0.841942 -1.306895 0.058752 2.024544 0.163718 -0.906177 1.171562 -0.542487 1.491597 0.878075 0.182065 -1.117743 1.207134 -0.410936 1.786049 0.270557 -0.733377 -0.762445 1.107460 1.487515 0.028435 -0.572564 0.372400 -0.825142 -0.282017 0.308597 0.878132 1.665410 0.077795 -1.188261 -0.361513 -1.229967 0.086065 -1.500541 0.103835 -0.923669 0.362880 -0.197535 0.933962
SwitchStatementCase 0.633834 1.689491 0.023887 -0.616431 -0.798342 0.527861 -0.530192 0.379724 -0.649290 1.395330 -1.476857 0.322426 0.127932 0.136083 -1.310547 0.413373 0.053450 -0.311585 1.078203 0.996709 -1.070956 -0.152664 -0.316608 0.190698 0.151410 -0.685836 1.527738 0.261340 -0.805379 -0.056249 0.848046 0.452434 0.874155 0.045601 0.896551 1.270429 0.117161 1.024283 -0.002153 -1.793566
SuperConstructorInvocation -0.065193 0.158415 -0.475681 -0.082406 -0.015508 0.113996 -0.434269 -1.374651 -0.531543 0.468866 0.379811 -0.210912 -1.572898 0.039965 0.165397 1.543570 0.890831 -0.241971 0.200849 -0.922724 -0.143459 -1.209015 -0.016297 0.205228 0.047085 0.258390 -1.354609 -0.120883 -0.540548 1.116029 0.452956 -0.011352 -0.012005 -1.039794 0.037990 -0.129597 0.611596 -0.181762 1.361893 -1.748542
>= -0.375558 0.020722 -0.023551 0.410141 0.159379 -0.229269 0.454683 -0.020537 0.885487 0.794899 0.077758 0.694189 0.078739 0.641672 -1.182898 -0.690493 0.099285 -0.883979 0.410777 0.957680 1.076127 0.422966 -0.176444 -0.703799 1.453015 -0.072115 -0.580405 0.674427 1.095571 -0.173398 0.172275 0.726452 0.369126 0.453441 0.787368 0.366086 -0.440811 0.073884 -0.059610 0.030617
ArrayInitializer -0.036628 -0.320110 -0.245007 0.857278 -0.827912 1.028826 0.591366 -0.993665 -0.555574 -0.643944 -0.089562 0.487219 0.475782 0.034898 0.062912 -0.115844 0.613775 0.890927 -0.783480 -0.431036 0.558503 0.636194 0.226447 -0.660394 0.193175 -1.476445 -0.478252 0.579287 -1.900990 0.042140 -0.341046 0.054337 -1.428562 0.597946 -0.649845 -0.226101 0.743066 -0.819747 -0.850712 -0.077649
ExplicitConstructorInvocation -0.373498 -0.833772 0.179043 -0.958501 0.561219 -0.559916 -0.179721 -1.004999 0.021889 0.079241 -0.856615 1.381427 -0.557048 -0.259494 -0.433616 1.285847 0.480590 0.340049 -1.094973 -1.308222 -0.192040 -0.802217 0.296308 -0.530751 0.217727 -0.923681 -1.394172 -0.787113 -0.698786 1.452458 -0.217587 0.710858 -1.609949 -0.919118 -1.345842 -0.304948 2.502496 0.875466 0.797156 -1.621682
SuperMethodInvocation -0.137084 0.590125 -0.279848 1.000287 -0.322030 0.365244 -1.464821 -0.078330 0.419776 -0.165787 -0.137655 -0.873179 -0.556184 -2.315780 1.471441 1.417797 0.733678 0.666210 0.257202 -0.942978 -1.726453 -0.166912 0.117609 0.322842 -1.026139 -0.902413 -0.217300 -0.646519 -0.385243 0.539898 -0.555669 -0.167662 0.111511 -0.115079 0.377169 0.915532 0.207652 -0.463028 0.694669 0.318263
ContinueStatement 0.180710 -0.434396 1.284499 0.015114 -0.268558 -0.847384 0.442587 0.724441 0.359729 -1.190032 -0.328387 0.894617 0.758767 0.403218 -0.886693 -0.869153 -1.296689 0.465356 -0.252542 -0.625443 -0.658332 -0.688825 0.880652 0.534261 -0.996217 1.307318 0.710001 -0.955342 0.178420 -0.522351 0.266782 -0.024838 0.282276 0.748879 -0.308528 -0.334599 0.481500 1.057582 -0.918093 0.949807
BreakStatement 0.496075 1.075423 0.542981 -0.710216 -0.882940 0.013976 -0.163624 0.559587 -0.730673 0.334090 -1.154382 0.307410 0.018685 0.016369 -0.773640 0.457188 -0.618638 0.994311 0.269999 -0.253698 -1.101134 0.245681 0.375605 1.032869 -0.036011 -0.223806 1.304180 -0.880497 -0.269039 -0.124642 0.592865 0.264429 0.872836 0.413822 0.457344 1.112847 0.424618 1.555296 0.031974 -1.504502
SynchronizedStatement -0.170067 -1.028618 -0.428022 0.274612 -0.071473 0.763418 0.529795 -0.091602 -0.523786 -1.149811 -0.381188 -0.855645 -0.018910 -0.295648 1.147917 -1.463172 0.086418 -0.200082 0.232613 0.303681 0.569940 0.120197 0.065473 -0.650705 -0.143900 1.510528 0.791226 -0.321479 0.073690 -0.653916 0.833160 -1.184512 0.760120 -0.348135 1.011684 -1.230923 -0.552503 -0.609954 -0.615666 0.438766
InterfaceDeclaration -0.302244 0.706769 -0.034019 1.224576 -0.866724 1.671189 0.830629 -1.264030 -1.190167 -0.206778 -1.882757 -0.499674 -0.348522 0.299063 -1.713649 -0.067187 0.634964 -0.854348 1.649154 1.378029 -1.186466 0.168174 -1.019703 0.535555 0.877038 -0.534537 -0.037876 1.083926 -0.421032 0.575363 0.630367 -0.885119 0.097196 0.571748 0.740961 0.526165 -0.960818 -0.045538 0.167082 -2.047301
WhileStatement 0.624516 0.230557 1.123060 0.568293 0.571919 -0.676962 0.300640 0.864117 1.330757 -0.393052 1.013860 -0.960768 -0.170981 -0.352204 -0.118583 0.388429 0.410135 1.208360 1.260699 -1.972162 -0.607400 0.804797 0.504488 0.564257 0.904381 0.534742 -0.330892 1.306070 -0.116666 -0.778651 -0.371458 0.714204 0.867011 1.880575 0.756685 -0.810108 0.678793 -1.103537 0.384466 0.301330
-- 0.347600 -0.018023 -0.563061 0.739362 -0.169489 -0.145912 -0.070815 -0.333654 0.292401 0.870986 0.198076 0.081213 0.055912 -0.068388 -0.527742 -0.229520 -0.268626 0.052206 -0.152321 0.171040 0.636187 0.080930 -0.041915 -0.468993 0.676879 -0.017041 0.158042 -0.529641 0.709998 -0.739085 -0.322339 0.708182 0.296005 -0.074633 0.316788 0.306384 -0.559726 -0.430640 0.134439 0.311261
+= -1.249394 0.793988 -0.236852 -0.292425 1.562939 0.059146 -0.745690 2.056106 -0.923564 0.870767 -0.136521 0.840633 -0.521704 1.287643 -0.076702 1.472386 -0.596028 0.318951 0.369511 -0.451804 0.014352 -1.043705 0.251422 0.843273 -1.018182 0.773663 0.444844 -0.211287 1.283411 0.562916 0.225312 0.062255 0.224334 0.374532 -0.436442 -0.331986 -0.075307 -0.086204 0.117419 -0.414482
<= 0.114410 0.451484 -0.676449 0.391268 -0.316169 -0.790941 -0.602191 0.658894 0.158026 0.246489 -0.049251 -0.605048 -0.807165 -0.184991 -0.119856 0.253132 0.093399 0.152534 0.272256 1.121057 1.016006 1.237613 -0.297114 -1.755436 0.270094 1.232374 0.546849 -0.306111 0.578864 -0.929323 0.765488 0.537234 1.445760 -0.523386 0.979025 0.616678 0.262434 0.292972 -0.887714 0.924829
/ 1.078753 0.711641 0.072746 1.283171 0.674328 0.319834 -0.329184 0.272760 -0.878896 -0.136393 0.157397 -0.506051 -0.822048 1.645142 -0.954142 0.954892 -1.117967 1.941118 -0.707042 0.062040 0.632255 0.177951 -0.246583 1.016861 -0.087816 -0.108937 1.389264 -0.872358 0.715380 -2.006984 -0.077877 1.161757 0.222770 0.597108 -0.954821 0.150599 -0.637718 0.668012 -1.423586 -0.482413
~ 0.772197 0.618190 -0.728089 0.710567 -0.199473 -0.031827 0.093668 0.290586 -0.080520 0.970256 -0.049680 0.796392 0.369130 -0.261308 -0.936055 -0.035666 -0.191915 0.113637 -0.004303 0.089317 -0.021201 0.075908 0.184374 -0.543539 0.255014 0.176567 0.296641 -0.513634 0.285750 -0.474987 -0.011865 0.889866 0.309691 -0.391196 -0.085806 0.378387 -0.171502 -0.657988 -0.038254 0.147038
SwitchStatement 0.372959 0.721534 -0.075675 -0.439947 -0.043884 1.150686 -1.101719 -0.361084 -0.047600 0.942150 -2.576996 -0.190124 -0.127133 -0.312532 -1.173790 0.381693 -0.024629 0.164756 0.528387 1.211008 -1.293089 0.536047 -0.577157 0.145498 0.398256 -1.422237 1.457391 -0.026734 0.128287 -0.338701 0.441411 0.884752 0.085946 -0.665985 0.727298 0.996112 -0.209133 1.157884 -0.109551 -1.334612
-= -0.136857 0.453720 0.726326 1.581225 -0.258190 -0.532770 1.422323 0.873395 1.067239 -0.619201 0.116296 1.841179 -0.127618 -0.321965 -1.527698 -0.290778 0.219784 -0.718617 -0.108891 0.008295 1.125237 0.038881 0.961084 -0.571648 0.623961 0.242701 -0.688835 0.931843 1.331025 0.218488 -0.373936 -0.156107 0.336978 2.605035 0.482988 -0.086016 0.376071 0.974555 -0.983011 -0.344171
ConstantDeclaration 1.079744 0.783346 0.758624 1.501289 0.386837 0.502113 0.598843 -0.451201 -0.210193 -0.714326 -0.462628 -0.126414 -0.834910 0.702230 -1.926090 0.190706 -0.052760 0.170152 1.197661 0.797215 -0.401246 0.541441 -0.232295 0.797657 -0.284971 -0.371424 0.087784 1.764003 -0.202273 -0.242289 0.558948 -0.451953 -0.560392 1.357921 0.000924 -0.258210 -0.149282 0.251692 -1.143206 -0.335140
DoStatement -0.364342 -0.660908 -1.198287 0.751143 1.397658 1.476355 -0.264196 0.475233 0.438805 0.242597 0.045436 -0.157733 0.215236 0.687022 0.128558 -1.066675 -0.534625 0.066675 0.024588 -0.440902 0.261634 -0.012979 1.116706 0.439062 -0.311886 2.041270 0.074834 -0.392305 0.998181 -0.782550 2.298726 -0.420679 0.522355 -1.012333 0.891146 -1.200300 -1.255279 -0.361335 -0.477099 0.789899
% 0.580503 1.065530 -0.094291 -0.227772 0.954455 -0.231651 -0.240138 1.583615 -0.356352 0.879997 0.611803 -0.218653 -0.494597 0.526071 -0.479304 0.850475 0.020236 -0.036135 0.103607 0.324022 0.072758 0.627946 -0.252274 0.750005 -0.131993 0.485699 0.363193 0.715842 1.162220 -0.467527 -0.460019 -0.283845 0.083075 0.593424 -0.822021 -0.086712 -0.404663 -0.013997 0.344695 0.506930
^ -0.160227 0.272128 0.347462 0.042063 -0.431597 -0.744595 1.310731 0.502448 0.217872 -1.010852 0.845199 -0.757643 0.572303 0.141647 0.452018 -0.840612 0.144161 -0.987253 1.094077 0.800891 0.164887 0.335749 -0.072423 -0.291973 0.364948 1.542636 -0.629139 0.559916 0.119971 0.205659 0.572260 -0.737306 1.264100 0.222956 0.952768 0.186180 -1.006629 -0.738080 -0.330692 0.684464
|= -0.289704 0.753706 0.893570 0.777086 0.550498 -0.348054 -0.183739 0.642823 0.807724 -0.581064 -0.134331 -0.419995 -0.670008 -0.326469 -0.643071 1.078287 -0.273809 0.443012 1.082284 -0.817768 -1.375920 -0.492246 0.362971 1.178410 0.403986 1.392309 -0.545967 -0.635035 1.624923 -0.084162 0.278754 0.480514 1.583279 1.163554 0.819768 0.361499 -0.720681 0.547303 0.712996 -0.986081
& 0.680398 1.117059 0.058114 1.923938 -0.656594 0.954602 -0.097066 0.119144 -0.165981 -0.035955 -1.280021 0.382897 -0.696264 -0.449474 -2.043666 0.337108 0.136527 -0.336681 0.317676 0.721465 -1.207693 -0.604809 -0.424911 0.180572 -0.199395 0.384301 0.651606 -0.334831 0.789811 -0.485567 0.475198 0.099309 0.188602 1.119502 -0.333332 0.516194 0.055732 1.223174 -0.438805 -0.739232
&= -0.853751 0.458944 0.586856 -0.222789 0.045183 -0.084268 -0.487444 0.735489 0.684228 0.038023 -0.777229 -0.108379 -0.017436 -0.572893 -0.325184 0.283190 -0.527861 0.240608 0.771811 -0.683382 -1.343984 -0.277914 0.745684 0.889951 0.221438 1.308094 -0.274577 -1.083194 1.402690 0.279204 0.703001 0.049476 1.608782 0.133611 1.265231 0.496371 -0.648109 0.815726 0.823643 -0.864272
>>> 0.519367 0.647396 0.623368 1.328332 -0.461818 1.102380 0.006729 0.083720 -0.051031 -0.320858 -1.498670 0.077179 -1.126561 -0.528189 -1.694915 -0.159558 0.233631 -0.644766 0.681878 0.965093 -0.728593 -0.663631 -0.547202 0.168162 0.342900 -0.344442 1.193874 0.595161 0.797494 -0.375173 0.139179 -0.090484 0.020312 1.742153 0.132513 -0.221770 0.140451 1.357527 -0.499767 -1.034103
%= -0.322233 1.263585 -0.100202 0.881957 0.829932 -0.124574 -0.092315 1.103472 -0.342678 0.665228 0.167612 0.863043 -0.774654 0.936438 -1.240224 1.572127 -0.025592 0.061203 0.452420 0.131585 0.215238 -0.236696 0.192740 0.464089 -0.023955 0.367260 -0.431423 0.143132 1.325608 0.343947 0.017933 0.219500 0.241573 0.884094 -0.296698 0.638914 -0.452170 0.304000 -0.191235 -0.394360
/= -0.274495 1.010118 0.096677 1.168335 0.815059 -0.245760 0.097934 1.162357 -0.106794 0.443303 0.031208 1.262022 -0.599998 0.930624 -1.422845 1.167692 -0.289155 0.007112 0.399261 0.147695 0.335602 -0.314835 0.288936 0.288905 -0.046958 0.398147 -0.395270 0.083619 1.572697 0.253108 0.048029 0.308646 0.221778 0.989999 -0.286112 0.479386 -0.397598 0.419757 -0.477577 -0.246464
*= -0.274826 0.958647 0.040623 0.962719 0.834172 -0.187566 0.076230 1.048398 -0.129888 0.469877 0.034208 1.063888 -0.673754 0.920721 -1.266869 1.076913 -0.265824 -0.007827 0.350497 0.140024 0.348100 -0.289529 0.251325 0.332659 -0.007762 0.435081 -0.313828 0.100834 1.502431 0.224500 0.129979 0.259869 0.227546 0.873791 -0.258576 0.363486 -0.377070 0.445815 -0.411193 -0.279841
<unk> 0.004824 0.030145 0.024183 0.025793 -0.047795 -0.016538 0.002534 0.043621 0.008823 -0.011154 0.015612 0.009860 0.020200 -0.035616 -0.003381 -0.022655 -0.021129 0.011820 0.013355 -0.012737 -0.026004 -0.003492 0.021122 0.013996 -0.005053 0.042122 0.012796 -0.040802 0.035488 -0.014339 0.003771 -0.012167 0.064849 0.050339 0.041767 0.028491 -0.021630 0.005854 0.006085 0.015029
