MemberReference 0.215783 0.040098 -0.485395 -0.105856 0.152666 0.372686 0.116696 0.379259 -0.058464 -0.649995 -0.078336 0.075454 0.295739 0.034352 0.296977 -0.592147 0.010086 0.969984 -0.013296 1.114561 -0.517762 -0.668765 -0.219717 0.189817 0.388256 -0.459701 -0.124823 0.478428 -0.723642 -0.548102 -0.155550 0.269546 -0.595549 -0.226311 0.284738 0.230301 0.353826 1.001001 0.134023 0.652929
MethodInvocation -0.508086 0.346504 0.007086 0.384844 0.709222 -0.026402 -0.145919 0.158826 0.471604 0.061131 0.561445 -0.290465 -0.863737 -0.226556 -0.080114 -1.087251 -0.366040 0.766248 0.711549 0.319182 0.571647 0.233559 -0.861262 0.326376 0.546578 -0.325469 0.044954 0.350618 -0.374954 -0.226447 0.936791 0.186564 -0.154024 -0.238471 0.307518 0.434063 0.300751 0.227028 0.571091 -0.521830
ReferenceType -0.188758 -0.355316 0.119905 0.641994 0.310614 0.395991 -0.455003 -1.000973 -0.368118 -0.105052 0.311305 0.343637 -0.240037 0.737033 0.384466 -0.203621 0.254556 0.186559 0.073396 0.003030 0.274746 -0.167525 -0.088962 0.475812 0.907116 -0.878837 -0.556480 -0.291510 -0.645137 0.770321 0.582067 -0.654736 -0.736758 -0.224819 0.558578 0.444988 -0.412106 -0.653576 0.175317 0.134981
Literal -0.326467 0.298123 -0.130453 0.616178 -0.074869 -0.480182 0.912237 0.061978 -0.108800 0.481183 -0.530456 -0.000343 -0.589541 0.679074 -0.221697 -0.567955 -0.040057 -0.117400 -0.510328 0.874595 0.792826 -0.608600 -0.903253 -0.279571 0.540201 0.130565 0.060022 0.335295 -0.509246 0.224539 -0.256784 -0.283817 0.046639 0.241621 0.386295 0.119469 0.271237 0.034516 -0.264691 0.297518
StatementExpression 0.229354 -0.095269 0.029886 0.298304 0.621152 0.039733 -0.308468 0.187499 0.436358 -1.116611 -0.287100 -0.827913 -0.326248 0.358115 -0.477724 -0.476682 0.126034 0.778832 0.200576 0.517951 -0.449349 -0.735424 0.017346 -0.094888 0.694377 0.050938 -0.135711 0.185996 -0.572797 -0.357455 0.558935 -0.315870 -0.624971 -0.022129 0.471171 -0.102559 0.323214 0.956813 0.304585 -0.612872
BinaryOperation -0.141720 -0.195585 -1.352881 0.077949 0.122943 0.704170 -0.146879 0.699021 0.167719 1.003165 0.334580 -0.063704 0.016388 -0.618452 -0.690110 -1.280408 -0.453230 -0.978104 -0.426257 0.828874 1.021520 0.248762 -0.923378 0.187125 -0.623866 0.136482 0.113998 0.988087 -0.341015 -0.212280 0.283494 0.578941 0.204110 0.125433 0.453341 0.103616 0.846645 0.572502 0.180607 0.370580
VariableDeclarator -0.436514 -0.246191 -0.153626 0.578655 0.110334 -0.256666 -0.744216 -1.110519 -0.562440 0.091442 0.792009 0.363260 -1.167895 0.428940 0.605843 -0.832074 0.422794 -0.364264 0.009587 0.658502 0.736149 -0.231640 -0.184243 -0.361051 0.932611 -0.881063 -0.769806 -0.274597 -0.062623 0.410806 0.591079 -0.642614 0.549455 -0.522157 0.250977 -0.435509 -0.170101 -1.145485 0.223215 0.352655
FormalParameter 0.487929 -1.293597 0.461839 -0.285387 0.004411 1.196052 -0.122147 -1.242538 -0.173879 -0.434376 -0.685606 0.161653 0.126045 0.866209 -0.073682 0.371051 0.101948 0.671081 0.564274 0.329330 -0.231073 -0.179866 -0.242954 0.859061 0.408317 -0.388721 -0.220593 -0.341464 -0.134336 0.444106 -0.224044 -0.953950 -1.316210 -0.287722 0.759395 0.260290 -0.045364 -0.366688 1.036686 -0.398528
MethodDeclaration -0.090474 -0.445262 0.520811 0.056694 -0.211588 0.815314 0.147056 -1.127402 0.017240 0.154584 -0.535952 -0.390473 -0.008348 0.584307 0.336542 0.355974 -0.519137 0.542793 0.333330 -0.246637 -0.328551 0.300222 -0.144082 0.459458 0.234149 0.345790 -0.193250 0.308762 -0.493480 0.599720 -0.006145 -0.172551 -1.167458 -0.135531 -0.425976 0.682927 0.009638 -0.383494 0.884491 -0.184899
BlockStatement -0.520495 0.050579 -0.152735 0.262817 0.238949 0.202300 0.077884 0.441887 0.374886 0.514409 0.813831 -0.736889 -0.220558 -0.481402 1.017596 -0.618745 0.520824 0.397176 0.040575 0.295342 0.732698 -0.406023 -1.058688 0.380310 0.985230 -0.234990 -0.042077 0.063184 0.202486 -0.819079 0.619392 -0.166667 0.307708 0.116591 0.185561 0.771649 0.071321 1.272946 0.080370 0.719023
+ -0.516988 -0.374298 -1.498088 1.068582 0.911604 -0.309157 0.694997 0.221258 -0.458976 1.210587 -0.820025 -0.145949 -0.750087 -0.531495 -0.956118 -2.335234 0.134224 -0.216467 -0.221486 0.022267 0.196535 -0.447252 -0.546756 0.135907 -0.059448 0.481349 0.421485 1.241443 -0.129487 0.006745 0.393729 0.446442 -0.194405 0.380576 0.145326 1.113908 0.230202 0.676401 0.740231 -0.379015
ReturnStatement -0.341816 0.051526 -0.016504 0.626923 -0.055084 0.365905 0.302870 0.004072 -0.244568 0.612144 -0.053622 -0.074720 0.056248 -0.132787 0.901083 -0.053779 -0.842061 1.121283 0.254153 0.035784 -0.399383 0.212517 -0.290267 1.003656 0.348535 -0.095697 -0.439197 0.662436 -0.511325 0.730586 -0.306583 0.422802 -1.358306 -0.625313 0.002956 0.931617 0.360352 -0.184654 0.932745 0.616906
LocalVariableDeclaration -0.122535 0.190101 0.221066 0.455297 0.346919 0.154630 -0.233442 -0.832586 0.249495 -0.061963 1.204923 -0.138968 -0.044732 0.611218 0.788181 -0.613008 0.383802 -0.486439 0.278535 0.237954 0.792481 -0.305315 -0.198855 0.371517 0.929279 -0.503305 -0.148441 0.066292 0.337799 -0.216521 0.374667 -0.107820 0.921726 0.026438 0.379268 0.518135 -0.098349 0.218683 0.728975 0.091021
Import -0.366597 -0.106634 0.823508 -0.314548 -0.440302 -0.402239 -1.269351 -2.461032 -0.452007 -0.613593 -0.647820 1.630292 0.217293 1.832285 0.570794 1.674478 -1.501709 -0.646401 -0.173387 0.575630 0.033151 0.450271 0.545627 -1.294656 -0.576049 -0.076160 -0.409920 -0.236307 -1.734679 1.316067 0.529602 -0.787267 -0.312308 -0.301636 -1.040050 -1.156548 -0.242924 -2.179018 -0.336044 -0.453881
IfStatement -0.371699 -0.381990 0.044221 0.082910 0.176806 0.514496 -0.231803 0.475093 0.518886 1.187761 0.173909 -0.639081 0.537143 -0.539066 0.347193 0.176150 0.116184 -0.244014 -0.166925 0.405052 1.136781 -0.232303 -0.937906 0.313757 0.072242 -0.228426 0.192965 0.251638 -0.601396 -0.414946 0.650416 -0.210481 -0.051428 -0.050398 0.367405 0.381470 0.110225 0.793150 0.099416 0.289530
Assignment 0.537277 -0.641255 0.500849 -0.244236 0.400251 -0.617388 -0.345758 0.661058 0.835822 -0.688042 0.317593 -0.860205 -0.066181 -0.413312 -0.291359 -0.003291 -0.662388 0.593228 0.157338 0.489975 -0.678421 -0.696313 0.411292 -0.330440 0.506445 0.116377 -1.038615 1.030033 -0.528388 0.224192 -0.102154 0.392660 -0.467532 -0.314240 -0.026433 -0.156742 0.405537 0.584661 0.445067 -0.264997
ClassCreator 0.079979 -0.653203 0.452608 0.621763 0.570003 -0.288627 -0.464316 -0.234351 -0.408708 0.646300 -0.109883 1.286709 -0.549137 -0.337945 0.079659 0.109118 0.635662 -0.156475 -0.238111 0.335432 0.500486 -0.354780 -1.082378 0.423008 0.690353 -0.346912 -0.583708 0.397106 -0.959557 0.356657 1.247468 -0.062683 0.159850 -0.044086 -0.333470 0.812846 -0.507901 -0.434624 0.084550 0.108335
BasicType -0.076220 -0.305041 0.096008 -0.540691 -0.158447 0.660542 0.125950 -0.854121 -0.827923 -0.041728 -0.134207 -0.231443 -0.655632 0.178946 0.792872 -0.189994 0.087867 0.157109 0.008920 0.057904 -0.096265 -0.054725 0.095103 -0.126108 0.217454 -0.519533 -0.263585 0.342570 0.939599 0.020366 -0.547571 -0.392984 -0.367492 -0.537325 0.151171 -0.593627 -0.692865 -1.080896 0.713242 0.501040
FieldDeclaration -0.664622 -1.544627 -0.517913 1.021603 0.254460 -0.750545 -0.671345 -0.786596 -1.313503 0.234741 -1.288498 0.866990 -0.954251 0.350635 -0.058864 0.091221 -1.102240 0.255845 -0.875279 0.695735 -0.547236 -0.380944 0.374882 -1.365696 0.129189 0.263281 -1.328160 0.131335 -0.319213 1.877899 0.043581 -0.968205 -0.906978 -0.779395 -0.442969 -1.167486 0.302699 -1.536360 -0.308819 0.163210
== -0.218223 -0.942117 -0.345454 -0.434154 -0.571599 0.126046 0.222673 0.153688 1.007335 1.200613 0.810200 0.394348 0.469340 -0.081959 0.211537 -0.390493 0.001952 0.333441 0.144946 0.773860 1.032756 -0.437944 -0.299664 -0.149544 -0.063968 -0.177776 -0.347898 0.044282 -0.633313 0.749412 -0.287555 -0.043651 0.103289 0.551426 0.524482 0.717937 0.341126 1.375462 -0.644520 0.025132
Cast -0.040362 0.361534 0.231594 0.626736 0.022245 0.842697 -0.115574 0.013070 0.507021 0.363130 1.386614 -0.822320 0.539238 -0.148951 0.038078 -0.595409 0.657403 0.060191 0.252287 -0.963510 0.251437 0.377555 0.469630 0.413272 0.388939 -1.294244 -0.424039 -0.290982 -0.256486 0.685696 0.386366 0.400781 -0.284591 0.062941 0.171188 0.997754 -0.701379 -0.121357 -0.001607 0.416217
!= 0.131714 0.075796 0.125670 0.397945 0.231187 0.120795 0.082043 0.417124 0.694427 0.396903 0.317739 -0.770843 0.043630 -0.186165 -0.509428 -0.407459 -0.613603 -0.832321 0.084933 0.875353 0.863137 0.153707 -1.407922 0.550723 0.347401 0.044739 -0.138513 0.549696 -0.620382 -0.782307 0.422333 0.260712 0.216716 -0.283782 0.043514 0.332248 1.172011 0.043341 0.833123 0.507713
ArraySelector 0.236681 0.427785 0.073802 0.208717 0.119894 -0.497993 0.871005 0.329394 0.058596 0.477298 -0.108137 -0.408841 0.800797 -0.519833 -0.032506 -1.194474 1.628645 0.382374 0.407588 0.678415 -0.139948 -1.317675 0.465316 -0.168305 -0.047501 -1.678546 0.607265 -0.362303 -0.706819 -1.598437 -0.389605 0.346615 0.658675 -0.612090 0.054078 0.651617 -0.371734 0.418940 0.455882 0.698968
ThrowStatement 0.329327 -0.703083 -0.033798 0.620273 0.511761 0.203099 -0.051764 1.191460 -0.055713 0.840371 -0.438543 0.625420 0.077516 -0.763351 -0.391304 0.526494 0.843210 -0.098316 -0.780876 -0.015283 0.483431 -0.527074 -1.399229 0.972206 0.493657 0.243521 -0.263736 0.544462 -0.727429 0.279236 1.055014 -0.009767 -0.420338 0.638214 0.297819 1.009942 -0.436401 0.942826 -0.530802 0.194708
ForControl 0.077102 0.474289 0.225734 -0.959173 -0.008620 0.935654 0.371173 -0.857801 -0.049326 -0.613038 1.116344 -0.334485 -0.898477 0.225270 0.066242 -1.412442 0.707051 -0.427330 0.357856 0.076914 0.618568 0.202681 -0.945172 -0.266234 0.796091 -1.442068 -0.011884 0.316235 0.051570 -0.871414 0.608744 0.149442 0.401188 0.159701 -0.459930 0.443650 -0.992512 -0.544292 0.228425 1.017816
ForStatement 0.142155 0.468505 0.217139 -0.771097 0.142152 0.914979 0.438588 -0.903680 -0.036224 -0.603263 0.948072 -0.290366 -0.778361 0.247575 -0.051071 -1.419292 0.612788 -0.468300 0.263166 -0.044318 0.488828 0.235404 -0.905666 -0.209193 0.640503 -1.299500 -0.008481 0.409962 0.051781 -0.916397 0.781014 0.096311 0.360796 0.094671 -0.563051 0.508364 -1.009423 -0.533416 0.274017 0.840998
VariableDeclaration 0.046646 0.402021 0.177164 -1.071742 -0.059989 0.843890 0.267065 -0.653345 -0.157102 -0.573059 1.199179 -0.361682 -1.052541 0.060899 0.275142 -1.359167 0.742011 -0.307123 0.340797 0.061440 0.586121 0.166121 -0.925370 -0.227958 0.847999 -1.409574 -0.102175 0.382165 0.188556 -0.911046 0.523918 0.211710 0.421838 0.120152 -0.356494 0.370397 -1.007166 -0.510441 0.244506 1.106401
&& 0.072215 -0.864403 -0.229788 -1.093393 -0.534736 -0.561549 -0.016033 0.766626 1.297823 1.142766 1.330952 -0.657500 0.519182 -0.778062 0.158921 0.104663 -0.750190 -0.902469 0.545614 0.377812 1.245411 0.509498 -1.068868 0.451153 -0.233272 -0.626805 -0.055884 -0.361871 -0.150838 -0.931561 0.029254 -0.325384 0.063830 -0.458534 0.451895 0.076310 1.286697 -0.246926 0.225282 0.732560
ClassDeclaration -0.460082 -0.603793 0.296243 0.266453 -0.447221 -0.091616 -1.248747 -1.666855 -0.527197 -0.033698 -0.641648 0.678291 -0.500366 0.774124 0.384739 0.870186 -0.850696 0.005908 -0.306386 0.474774 -0.144598 0.269064 0.737024 -1.012095 -0.407492 0.273100 -0.806424 -0.149090 -1.011060 1.428942 0.235100 -0.687691 -0.665476 -0.629798 -0.503775 -1.205639 -0.164344 -1.615054 -0.183498 -0.347559
! -0.512203 -0.167829 -0.079930 -1.266112 0.048316 -1.044952 0.281642 0.738144 1.012795 0.833514 0.249267 -1.110942 -0.575957 -0.787058 0.581276 -0.354184 0.172972 0.317052 0.742907 -0.199677 0.727373 -0.127773 -1.051447 0.217924 0.248654 -0.114882 0.886547 0.013921 -0.549690 -1.735027 0.734126 -0.323435 -0.521705 -0.047383 0.296708 0.326140 -0.042750 0.423884 0.383387 -0.143016
CatchClause 0.380470 0.568400 0.545248 1.578010 1.726547 -0.197897 0.199250 1.079613 -0.167169 -0.220316 -0.631713 0.769758 0.858564 -0.321977 -0.939169 0.170851 0.119725 -0.182711 -0.236096 -0.306383 -0.136374 -0.413939 -0.509444 1.039880 0.393550 0.050277 0.351158 0.975599 -0.128522 0.055038 0.794116 0.866218 0.414743 0.384366 0.132476 1.118146 -0.149149 0.833853 0.306014 -0.652724
CatchClauseParameter 0.413502 0.641952 0.641739 1.628606 1.770863 0.076384 0.157991 0.962107 -0.201765 -0.194828 -0.392220 0.578481 0.647301 -0.149501 -0.889489 0.215581 0.152569 -0.250809 -0.353704 -0.305064 0.007098 -0.452052 -0.606203 1.020037 0.465449 0.233664 0.167515 1.062745 -0.094149 0.163760 1.088249 0.642209 0.361707 0.350880 0.069876 0.957826 -0.191649 0.863943 0.257063 -0.671779
< 0.522810 0.742882 -0.234675 -1.229371 -0.371029 0.743685 0.168114 0.152722 -0.285225 -0.367334 0.772752 0.322556 -0.564800 -0.470871 0.452508 -0.802615 1.123005 -0.631812 -0.167533 1.045676 0.603271 -0.503329 -0.941027 -0.022190 0.039701 -1.001828 0.256383 0.781473 -0.063552 -1.507122 -0.001228 0.568514 0.888950 0.016159 0.014780 -0.168661 -0.725967 0.209460 0.117738 1.297088
This 0.018380 -1.808552 0.430464 0.157512 0.799782 -0.637180 0.317475 -0.557105 0.602347 -0.200591 -0.932560 -0.887117 1.415562 0.128824 -0.516669 0.038503 -0.426898 0.194040 0.593698 -0.301828 -0.996708 -0.642974 0.332072 -0.945569 0.135640 -0.414765 -0.066052 -0.435569 -0.552868 -0.397309 0.644330 -0.789117 -0.699459 -0.286893 -1.432500 0.775519 0.495312 0.467323 0.492444 -0.156833
PackageDeclaration 0.484692 -0.125836 0.323386 -0.429489 -1.350688 0.805647 -2.021082 -1.419768 -0.623918 -0.571088 -0.597939 0.644533 -0.409882 0.751390 -0.084657 2.369036 -0.345260 -1.007802 -0.798156 -0.035366 -0.437414 1.032842 0.626687 -0.500567 -0.814468 0.990937 -0.581806 -0.973444 -1.111702 1.312052 0.492157 -0.843348 -0.467372 -0.369797 -0.452625 -1.835237 -0.279978 -2.257902 -0.644721 -0.175454
ConstructorDeclaration 0.506414 -1.443757 0.098099 0.203798 -0.796400 -0.304680 -0.471167 -0.694305 -0.178361 -0.537894 -0.955987 0.141521 0.046295 0.636783 -0.402274 0.553766 -0.018164 0.821727 0.058891 0.923211 -1.104168 -0.537827 0.985699 -0.897359 -0.058053 -0.135771 -1.165509 -1.264413 -0.695100 1.162257 -0.746286 -1.048681 -0.943242 -0.821390 -0.158756 -0.990326 0.778677 -0.819065 -0.113852 -0.000772
TryStatement 0.726685 -0.463262 0.776919 0.682168 1.087856 -0.767808 -0.261449 0.366305 0.463784 -0.224886 0.155868 -0.440022 0.949997 0.018065 -0.233527 0.743105 0.307786 -0.982578 0.047768 -0.300636 0.139623 -0.719033 -0.051694 0.893915 0.720471 0.041292 -0.069290 0.280010 0.374138 -0.609746 0.461485 -0.144200 0.598477 0.015185 0.461389 0.439909 0.206474 0.334148 0.970706 -0.592360
++ 0.142761 0.376160 -0.248613 -0.941019 0.028009 0.059837 0.421266 0.138581 -0.433770 -0.653740 0.644401 -0.039600 -0.117647 -0.416649 0.707320 -0.800836 0.874811 -0.223638 -0.102160 0.438801 0.076239 -0.572399 -0.471235 -0.572783 0.447581 -1.174822 0.165079 0.181919 0.720223 -1.514808 0.002964 0.081234 0.898103 -0.023655 -0.465546 -0.069537 -0.678435 0.428937 -0.275872 1.378158
ArrayCreator -0.781742 1.113070 0.714329 1.032431 0.846926 -0.169947 0.533608 -0.382990 -0.162252 -0.466445 0.739919 0.506552 0.306565 0.652560 0.515082 -0.419530 -0.913520 0.897597 0.848043 -0.338975 0.186551 0.640105 -0.052773 0.338943 0.811473 -1.408315 0.105160 -0.548005 0.462865 0.531231 0.116324 0.140318 0.076693 -0.511792 0.101392 0.652999 0.128635 -0.774294 0.053464 0.064970
- 0.473908 -0.417725 -0.104098 0.266546 -0.559413 -0.519660 0.918765 1.521340 0.608544 0.192965 0.190359 -0.367682 -0.761635 -0.514718 -0.805105 -0.736285 0.309476 0.781839 0.307180 0.933669 0.234757 -0.184773 -0.792554 0.207727 0.410614 0.040567 -0.531789 -0.758641 0.972069 0.135151 -1.069768 -0.128837 0.330697 -0.174349 0.821036 -0.079491 1.287602 0.325713 -0.276338 0.317578
TernaryExpression -0.057715 0.180807 -0.835912 0.272350 -0.897925 0.470478 0.036270 -0.035278 0.648393 0.504667 0.987172 0.471488 -0.232871 0.024437 -0.145991 -1.024221 -0.625660 0.118100 0.330867 0.905950 0.437732 0.549794 0.210664 0.337311 -0.582060 0.478525 -0.410477 0.032159 -0.074003 0.968851 -1.099342 0.929093 0.434386 0.191277 0.498706 0.297672 1.377157 0.483956 0.145284 0.011017
|| -0.357270 -0.230248 -0.442097 -1.119654 -0.685145 0.404483 -0.368970 -0.017866 0.735549 1.625896 0.315530 0.544342 0.427338 -0.399436 0.410523 0.387582 -0.129100 -0.449584 0.175754 0.720411 1.633646 0.104779 -0.460146 0.258540 -1.223775 0.165657 0.760432 0.024713 -1.023044 -0.524267 0.001476 -0.057998 0.074403 -0.012664 0.914836 -0.325295 0.250635 0.656036 -0.090537 -0.540255
> 0.134058 1.085617 0.361908 0.293332 -0.410376 0.335189 -0.207264 0.679951 0.302257 0.013677 0.579420 -0.958927 -0.944955 -0.290154 0.084169 -0.026014 0.016121 -0.237990 -0.325923 0.850562 0.845250 0.010655 -0.189864 0.098122 0.053005 0.868476 -0.347533 0.410711 0.560950 -0.192601 -0.623825 0.618284 0.973127 -0.231207 0.714437 -1.096658 0.548335 0.219463 0.259397 -0.015442
instanceof -0.224547 -0.439894 -0.899837 0.996707 -0.351082 1.681665 -0.858957 -0.368107 -0.096615 0.689416 0.512207 -1.198856 1.447988 0.257411 0.355199 0.060334 0.270216 -0.785985 -0.415810 -0.162575 0.243481 0.468509 0.372611 0.802794 0.044127 -0.368176 -0.174608 -0.612431 -0.556411 0.265429 0.260836 -0.215935 -0.616149 0.013227 0.351604 0.551600 0.472893 0.307424 0.307868 0.804310
* -0.215542 1.190170 -0.521220 -0.122794 0.008400 0.123954 0.107198 0.196949 -0.421189 -1.212669 0.200518 0.346562 -1.297925 0.422939 -0.953566 -1.024291 -1.303326 -0.224842 -0.698789 -0.015459 -0.680014 0.391403 0.574134 -1.396103 -0.495768 1.423323 -0.463684 1.586665 0.546909 1.399539 -0.451299 1.244935 0.343670 0.818114 -0.730636 -0.761923 -0.080768 0.204585 -0.585414 -0.329790
WhileStatement 0.357199 0.556810 0.105484 -0.314963 -0.344130 -0.183524 -0.518413 0.609762 0.599047 0.047648 1.236977 -0.096468 0.010024 -0.327958 0.727089 0.713116 0.065480 -0.986402 0.025330 0.577909 0.973002 0.061567 -0.339985 0.990843 0.133311 0.396297 -0.113688 0.054974 0.864108 -0.790479 -0.457141 0.049773 1.179732 -0.007325 1.072023 -0.666897 0.781313 0.317742 0.423613 -0.029902
SuperMethodInvocation -0.348081 0.170543 -0.288701 -0.184630 0.395323 1.634781 0.289342 -0.185223 -0.386104 -0.582782 -0.596498 -1.080088 -0.022416 -0.009413 0.141410 -0.304465 -0.493601 1.629909 0.488961 -1.448679 -1.095925 1.160857 -0.474107 0.992309 0.211533 -0.225878 0.761024 0.134852 -0.003790 -0.264528 0.791500 0.151977 -2.431644 -0.275700 -0.355663 1.067826 -0.635539 -0.075717 0.626192 0.116055
ArrayInitializer -0.744319 0.919199 0.515828 1.944991 0.942614 -1.250891 0.422781 0.195691 -0.031538 0.215701 -0.185735 1.060969 0.809824 0.709076 -0.009250 0.286742 -1.258922 0.785843 0.127550 0.108045 0.261220 0.066512 0.138820 0.080511 0.385001 -0.807628 0.059684 -0.508459 -0.610224 1.141303 -0.027503 0.076649 0.122972 -0.692916 0.194881 0.426546 0.683799 -0.683074 -0.554958 -0.168611
ClassReference -0.826020 1.382559 0.784601 0.144615 0.391336 -1.538768 0.232128 -0.225320 0.622016 0.448425 0.023421 0.656394 0.043388 0.420312 0.528956 0.827485 -0.251643 0.437705 0.722122 -1.017398 0.547812 0.175219 0.636953 0.375087 -0.344211 0.038049 1.325847 -0.760775 -0.304163 -0.303553 0.195650 -0.387278 0.230603 -0.074566 0.948480 -0.123114 -0.555811 -0.475373 -0.225671 -1.729239
SuperConstructorInvocation 0.279488 -0.152221 0.399426 0.205242 -0.504009 -0.307699 -0.153235 -0.045811 0.402578 -1.384124 -0.905190 -0.365248 -0.435619 0.766660 -0.704326 0.422053 -0.194231 2.055337 0.651675 -0.156430 -1.484417 0.144352 1.033062 -0.764548 -0.011194 -0.001983 -0.231398 -1.806994 -0.626135 1.026344 -0.380318 -0.650155 -1.415069 -0.505589 -0.100974 -0.570259 0.464305 -0.682653 -0.793532 -0.713840
BreakStatement 0.482193 0.116456 0.383159 -0.136888 0.069078 -0.467579 0.260968 1.983083 -0.227243 0.238496 -1.288728 -0.014213 0.297279 -1.114140 -0.124405 1.645591 0.980194 0.764516 -0.858438 -0.771377 -0.783195 -0.537776 -0.162780 0.448305 -0.425148 1.697973 0.679714 0.274964 0.857726 -0.549288 -0.246366 0.156928 0.236783 0.610176 0.007674 0.034452 -0.652214 1.618512 -0.751168 -0.567291
SwitchStatementCase 0.254174 -0.250331 -0.007870 -0.424445 -0.491411 -0.453362 0.305236 1.308232 -0.904933 0.837084 -1.629584 0.622353 0.231152 -1.253298 0.529910 1.356999 0.961809 1.068335 -0.649407 -1.216242 -1.396292 -0.183905 0.705652 0.340381 -1.010295 1.211576 0.709296 0.417565 0.437379 -0.050335 -0.638508 0.343983 -0.485289 0.473424 -0.308515 0.304872 -1.250840 0.743358 -0.449986 -0.301658
>= 0.455358 -0.633537 -0.492334 -1.199243 -0.373121 -0.148863 0.451086 1.033212 0.283644 -0.034278 0.400523 1.048364 -0.084147 -0.506579 -0.488635 0.261917 0.515716 -0.305754 -0.032221 -0.473970 0.290947 0.398168 -0.681403 0.258980 -0.146319 0.276811 0.269164 -0.576666 1.200444 -0.003457 -0.391544 -0.171129 0.522200 1.108396 0.303436 0.234904 0.007190 0.603680 -1.266843 0.091406
+= -0.271682 1.171915 -0.284276 -0.597126 -0.284559 -1.081738 -0.181431 1.334457 0.470087 -0.632700 0.883985 -0.840041 -0.862220 -0.624474 0.124685 -0.006048 -1.089775 0.379248 -0.191622 -0.477680 -0.639428 0.516715 0.924125 -0.967069 -0.520727 1.144966 -0.159767 0.456939 0.621437 0.195094 -0.384292 0.928938 0.472736 0.105943 -0.307341 -1.234421 0.250766 0.427841 -0.817705 -0.437830
ExplicitConstructorInvocation 0.797354 -0.815581 0.488993 -0.344780 -0.514547 -0.106524 0.632939 -0.669957 -0.707454 -1.713675 -1.396126 0.432041 0.208562 1.528222 0.108791 0.739604 0.846690 0.876953 -0.297359 0.445465 -1.444357 -1.330677 1.280901 -0.698092 0.478175 0.011340 -0.552028 -0.823059 0.337304 0.342875 -1.599833 -1.150151 -0.910382 0.231188 0.399017 -0.768682 -0.562838 0.242526 -0.532650 0.077396
<= -0.028050 0.421025 -0.358295 -0.677763 -0.468715 0.519689 0.308567 0.668975 -0.195676 0.733893 -0.340627 1.074192 -0.363363 -0.764430 -0.057812 0.412452 -0.300554 -0.073623 0.047506 -0.270355 0.452987 1.259038 -0.831092 1.030634 -1.019413 1.068767 0.842877 -0.193159 1.078712 -0.439944 -0.476792 0.357643 0.394914 0.149277 0.349492 -0.183887 0.459577 -0.043223 -0.134123 -0.341668
ContinueStatement -0.956547 0.650929 -0.581982 -0.198348 0.260462 -0.852246 -0.343953 0.228290 0.843933 1.126061 0.736639 -0.635004 0.516886 -0.424333 1.144395 -0.375386 0.462385 0.281949 0.342244 -0.281385 0.685038 -0.637847 1.209900 -0.368708 -0.378262 0.553251 0.850025 -0.045060 0.886232 -0.788828 -0.462957 -0.134570 1.142021 0.241254 1.192756 -0.427118 -0.016541 1.788709 0.070560 -1.481216
InterfaceDeclaration -0.079521 0.258858 0.211399 -0.185929 -0.865365 0.485553 0.130093 -1.864973 -1.036461 0.635908 -1.374236 0.927901 0.937517 0.567620 0.037077 2.118571 0.476052 -1.208393 -0.280683 -2.417077 -0.473774 1.155070 1.186219 0.395830 -1.202693 0.819896 0.955432 -0.846691 0.317038 0.895200 -0.210944 -0.273166 -0.521667 1.056686 -0.985820 0.425185 -1.547933 -1.420492 -0.743467 -0.643679
/ -0.493648 0.085673 -0.955347 1.152860 0.691605 -0.149672 0.208429 0.573296 -0.665969 0.875966 -1.001138 -0.436817 0.319529 -0.553420 -0.239969 -0.144916 -0.091072 -0.734582 -0.647474 -0.956618 -0.208955 0.249246 0.103318 0.446753 -0.498826 1.396032 0.793819 0.244573 1.148725 -0.354073 0.193402 0.099355 0.363058 0.259450 -0.115845 0.184407 0.330104 0.452310 0.330057 -0.364531
% -0.394487 0.641947 -1.060069 1.192946 0.220456 0.721362 -0.195112 -0.239613 -0.737614 0.388655 -0.159803 0.087769 -0.354066 0.156959 -0.473216 -1.066885 -0.357303 -1.206101 -0.934002 0.524598 0.360495 0.204379 -0.493996 0.118801 -0.299024 0.536257 0.007197 1.003636 -0.741174 0.170401 0.477823 0.625596 0.060883 0.186459 -0.165836 0.198560 0.337388 -0.068887 0.351821 0.545628
SwitchStatement 0.566425 0.105941 -0.031805 -0.904744 -0.605296 0.528560 0.568578 0.588428 -1.166784 -0.282876 -0.783826 0.484971 0.254502 -0.964617 0.455673 1.046618 0.974557 0.754884 -0.310041 -1.272401 -1.708530 0.338996 0.549806 0.616479 -0.642151 0.366707 0.465701 -0.353478 1.420379 -0.498661 -1.097717 0.517291 -0.183978 0.286499 -0.551100 -0.045750 -1.009050 0.082527 -0.273488 0.616066
ConstantDeclaration -0.873608 1.183316 -0.516488 0.518053 -1.020430 -0.579929 0.521328 -1.666901 -1.096831 0.713251 -0.783484 0.647557 -0.333885 1.077478 0.387653 0.594945 0.407701 -0.949161 -0.133280 -0.877995 0.420208 0.567353 1.441431 -0.667220 -0.782869 0.494611 0.605315 -1.063098 0.871640 1.073970 -1.175297 -0.602039 0.580649 0.427484 -0.227224 -0.771011 -0.663298 -1.500423 -0.955739 -0.174386
-- 0.287720 -0.000652 -0.207168 -1.432606 -0.719178 0.383242 0.017362 0.085024 0.181340 -1.077879 0.574572 -0.094298 -0.086079 0.218112 0.226080 -0.239954 0.323041 0.112349 0.336190 0.232813 -0.178078 0.244033 0.280489 -0.661248 -0.187195 0.378374 0.377865 -0.649041 1.128878 -0.791892 -0.591930 -0.029057 1.078338 0.556757 -0.380933 -0.543517 0.271684 0.988949 -0.394580 -0.044265
SynchronizedStatement -0.117993 -0.273994 0.492302 -0.432616 0.105389 -0.954577 -0.092113 -0.532951 0.743552 0.000467 0.203185 -0.276723 1.444952 0.082293 -0.356628 0.601780 -0.495969 -0.900652 0.498540 -0.637809 0.079322 0.140250 0.928354 -1.308783 -0.964589 -0.384799 0.495090 -0.925506 0.001170 -0.221189 0.242769 -0.408680 0.680577 -0.238603 -0.838510 -0.380481 0.254818 -0.378886 -0.267401 -0.621100
|= 0.572593 0.051830 -0.035200 -1.089291 0.163275 -0.981267 -0.248772 1.483269 1.301363 -1.293081 1.319206 -0.980717 0.540919 -1.052126 -0.875902 -0.244689 -0.706795 0.201034 0.883887 -0.468733 -0.941098 0.379973 0.928410 -0.473864 -0.408208 -0.289412 -0.100269 -0.646362 0.711775 -0.923872 -0.311027 0.595553 0.794187 -0.181390 -0.359262 -0.852672 0.964735 0.500021 -0.209037 -0.212480
-= 0.963682 0.264195 0.913598 -0.893888 0.068430 -1.102876 0.581833 1.281340 0.706663 -1.116221 -0.133000 0.198943 0.676779 -0.208760 -0.464534 1.513420 -0.291102 -0.380412 -0.201392 -0.381534 -0.325133 -0.212868 -0.060875 -0.026090 -0.127838 0.923134 0.371454 0.103176 0.619866 -0.762262 -0.372620 0.290017 1.004122 0.719130 -0.555595 0.047363 0.202594 1.003670 -0.680217 -0.371327
& 0.816636 -0.138269 -0.355681 -0.770478 -0.524498 0.295093 0.047154 0.269609 0.098526 -0.150585 -0.652720 -0.202232 1.390184 -0.312947 -0.934309 0.520849 0.585878 -0.867144 -0.165683 -0.988818 -1.042376 0.320698 1.813735 -0.635555 -1.742207 0.305875 0.643487 -0.637810 0.527348 -0.610388 -0.772194 0.441036 0.150614 0.295123 -0.530954 -0.622742 -0.411609 -0.150830 -0.571885 -0.227896
Statement 0.212550 0.326502 -0.038229 -0.453222 0.135900 -0.852558 0.434275 1.247786 0.465704 -0.427282 -0.404266 -0.737442 -0.630975 -0.591043 -0.574876 -0.050607 -0.388504 0.420637 0.250794 -0.056692 -0.444240 -0.061287 -0.113555 -0.334838 -0.209296 1.132516 0.396777 0.214967 1.067694 -0.639286 -0.486267 0.316498 0.515213 0.041234 -0.090346 -0.566793 0.673196 0.612941 -0.040261 -0.695086
>>> 0.782093 -0.510667 -0.225045 -0.841004 -0.914530 0.656433 -0.188386 -0.002285 -0.048248 0.052666 -0.096663 -0.228650 1.514139 -0.293694 -0.305027 1.328876 0.775686 -1.585514 -0.739114 -0.905240 -0.581803 0.300674 1.628851 -0.042833 -1.206738 0.575056 -0.020719 -0.500546 0.831669 0.017757 -0.886616 0.207058 0.204189 0.646641 -0.415229 -0.579819 -0.370085 0.103650 -0.619858 0.327756
%= -0.097078 0.590221 -0.060277 -0.285023 0.125146 -0.667481 -0.320461 0.455619 0.125957 -0.824479 0.428680 -0.248173 -0.372561 -0.288107 -0.585320 -0.141523 -1.021139 -0.315554 -0.031963 -0.498630 -0.668064 0.568907 0.930283 -0.891086 -0.548155 0.770524 -0.061595 0.341301 0.898181 0.210186 -0.306383 0.623634 0.718358 0.067310 -0.498190 -1.076640 0.328771 -0.198799 -0.288648 -0.618956
/= 0.241784 -0.118411 0.381843 -0.624964 0.001742 -0.263630 -0.065021 0.200929 0.473854 -0.532697 0.507187 -0.595446 0.170880 -0.377474 -0.061984 0.128746 -0.065970 0.149586 0.372124 -0.552469 -0.535433 0.217575 0.441479 -0.144728 0.052431 -0.377475 -0.196958 -0.132129 0.167823 -0.209765 0.024397 0.179755 -0.077072 -0.059538 -0.459521 0.015395 -0.173799 -0.064566 0.051932 0.036172
<unk> 0.009681 0.003400 -0.008281 -0.024449 0.003250 -0.007502 0.001653 0.040898 0.038748 0.007831 0.023642 -0.026586 0.014754 -0.033639 -0.004042 -0.000810 0.003367 -0.006560 0.008426 -0.007612 0.010231 0.002203 -0.007590 0.008708 -0.011063 0.012730 0.015242 0.004330 0.021441 -0.032351 -0.002386 0.009452 0.019240 0.013534 0.006375 0.005828 0.015361 0.045535 -0.001191 -0.009368
