MemberReference -0.384731 -0.257029 0.052331 -0.555578 -0.039635 -0.195444 0.211533 0.155687 0.097894 -0.082589 -0.096287 -0.460873 -0.348216 -0.024132 -0.031190 -0.004821 -0.117554 0.284876 0.124237 0.045865 0.154318 0.040355 0.117107 0.387642 0.039814 -0.115300 0.305506 0.164712 -0.200340 -0.219647 0.317816 -0.033639 -0.399380 -0.001831 0.119830 -0.094024 0.068868 0.153333 -0.393465 -0.438394
MethodInvocation -0.312111 -0.216036 -0.140833 -0.246554 0.520042 -0.360239 0.435340 -0.473138 0.575808 -0.207255 0.697003 -0.341085 -0.922470 0.430112 0.267000 0.348630 -0.992731 0.833536 -0.816965 -0.085384 0.332839 -0.192358 -0.162603 0.345478 -0.201061 -0.173499 0.034342 0.220017 0.012480 -0.146516 -0.341102 0.300736 -0.627422 -0.305897 -0.059394 0.693579 -0.659777 0.063379 0.075606 0.204502
Literal -0.252244 -0.090139 0.217804 -0.205802 0.182778 -0.382460 0.396280 -0.561873 0.114734 -0.530174 0.089028 0.192911 -0.361945 0.515319 0.446937 -0.000393 -0.057140 0.566647 -0.647813 0.094618 0.201599 0.262140 0.041609 -0.393248 0.050838 0.077290 -0.019342 0.292298 -0.376632 0.235984 -0.658621 -0.654910 -0.805051 -0.157979 -0.818478 -0.026411 0.168874 -0.240622 0.535694 0.273003
ReferenceType 0.141420 -0.566796 0.291901 0.228280 -0.650812 -0.849566 0.817537 0.401679 -0.385710 0.497728 -0.275894 -0.024022 -0.539796 0.354591 -0.047284 0.298818 -0.494570 0.526465 -0.928073 0.153895 0.043489 0.711422 0.390444 0.402343 0.267560 -0.260634 -0.891697 0.883566 0.662690 0.004589 -0.005379 0.758646 0.187788 0.218601 1.035527 0.739060 -0.748709 -0.129144 0.183016 1.084159
StatementExpression -0.167517 -0.647346 0.255092 -0.129636 0.661407 -0.558066 0.625142 -0.059367 0.115131 0.481064 0.265820 -0.653531 -1.006773 0.164052 -0.098377 -0.212347 -1.186560 0.519166 -0.027848 0.201478 0.379395 -0.459750 0.036860 0.110689 -0.335073 -0.486580 0.118857 0.016570 -0.004118 -0.695232 -0.193700 -0.355662 -1.068398 -0.707137 0.021530 -0.065242 -0.499287 -0.128115 -0.278405 0.157772
BinaryOperation -0.592743 -0.073402 -0.018547 -0.348236 0.021458 -0.052181 -0.472543 -0.115241 0.830815 -1.338350 -0.062720 -0.102164 -0.161107 -0.814944 0.528376 0.341320 0.894071 -0.217350 -0.792698 -0.085864 -0.252644 0.625169 -0.298191 0.957757 0.167186 0.222684 -0.377750 0.017906 -0.882072 0.478414 0.241467 0.311090 0.272149 -0.283170 -0.152491 0.124764 0.956668 0.101048 0.532865 -0.749436
VariableDeclarator 0.599593 -0.034934 0.099229 0.675201 0.056090 -0.270013 0.036446 0.282665 0.197014 -0.235808 0.205368 0.314298 -0.377336 0.644948 0.332146 0.347793 -0.285103 0.251915 -0.914790 -0.388319 -0.073074 -0.067698 0.111441 -0.206023 -0.355687 -0.054822 -1.257583 1.139966 0.812215 0.685764 0.278962 -0.059749 0.534274 0.549327 0.581170 -0.310539 -0.079903 -0.729848 1.365964 0.790108
BasicType 0.153079 0.115054 -0.000055 0.075798 -0.001035 0.040620 -0.168802 -0.373618 0.588424 0.201886 -0.414769 1.139152 0.004363 0.402607 0.237812 0.010984 0.243720 0.039965 0.139606 -0.042396 -0.185889 -0.111452 -0.247936 0.032291 -0.151789 -0.110863 -0.704329 0.467635 0.969486 0.220851 1.044894 -0.386270 0.328887 0.979571 0.007003 -0.408330 -0.674552 -0.440054 1.350708 0.807948
IfStatement -0.257209 0.191442 -0.222248 -0.422246 0.098852 -0.211950 0.251254 0.408118 0.465146 -0.904181 0.180244 -0.256420 -0.329893 -0.297571 0.109398 0.377870 -0.148233 0.642172 -0.715101 0.441581 -0.050627 0.379481 -0.119034 0.566957 -0.309037 0.097233 0.344657 0.238459 -0.462507 -0.516831 0.213259 0.440248 -0.183891 -0.839907 -0.471135 0.488950 -0.030092 -0.129627 -0.426688 0.288828
Assignment -0.016543 -0.466186 0.162254 -0.145332 0.144753 -0.248626 0.381455 0.591629 0.377911 0.357149 0.210836 -0.909358 -0.299734 -0.074806 -0.118993 -0.453278 -0.771995 0.136565 0.487224 -0.102819 -0.024115 -0.855964 0.063609 0.131526 -0.584039 -0.202883 0.785670 -0.000111 -0.312951 -0.732047 0.437539 -0.733584 -0.843681 -0.963405 -0.065788 -0.660783 0.282589 0.015169 -0.064132 -0.279483
FormalParameter -0.087582 -0.331447 0.038705 -0.625988 -0.456535 -0.785175 0.366162 -0.570541 0.367194 0.812700 -1.218511 0.742529 0.092517 0.041709 0.226288 0.048201 0.048151 0.065081 0.579006 0.748460 0.067253 0.005407 0.314920 0.786747 0.122907 -0.478170 -0.491371 -0.017948 1.265310 -0.500047 0.951885 0.587085 0.092136 0.168571 -0.108076 0.901457 -1.292730 -0.203065 -0.056936 1.272707
LocalVariableDeclaration 0.485940 0.253478 0.010603 0.293962 0.381294 -0.109129 0.212066 0.156543 0.418246 0.340910 0.926692 0.102972 -0.483737 0.367370 0.330970 0.654127 -0.128304 0.266206 -1.186757 -0.281850 0.102883 -0.053144 0.315259 0.708115 0.490294 -0.070387 -0.940569 0.616272 0.385808 0.100713 0.344952 0.181835 0.447489 0.088918 0.390808 -0.051640 -0.520517 -0.655426 0.014387 0.349498
ReturnStatement -0.697726 0.180264 -0.062452 -0.511014 -0.275673 0.572273 0.480341 -0.163422 0.422233 0.192166 -0.311413 0.464940 0.336274 0.416266 0.101255 -0.146421 -0.288504 0.821191 -0.270015 0.409103 0.220748 0.879963 -0.039096 -0.130632 0.093859 0.196960 0.221586 0.508357 -0.303690 0.138364 -0.244600 0.200777 0.278648 0.012390 -0.216532 1.338471 -0.153872 0.615371 -0.246503 0.104112
MethodDeclaration -0.440746 -0.437007 0.295541 -0.759982 0.124711 0.147928 0.554815 -0.170082 0.658138 0.656005 -0.624193 0.145885 0.405199 0.540696 -0.001990 -0.303371 -0.511380 0.342054 0.205015 0.825899 0.383153 0.256450 0.389665 -0.019412 -0.011194 -0.718870 -0.625317 0.205511 1.125374 -0.548292 0.018100 1.023923 0.456884 0.034721 0.279090 1.047222 -0.960346 -0.095136 -0.268216 0.573286
BlockStatement 0.029178 0.269103 -0.049733 -0.271386 0.721097 0.311047 -0.007315 0.823335 0.357385 -0.996164 0.831309 -0.486847 -0.929340 0.124168 -0.142654 0.733007 -0.166617 0.470987 -1.164182 -0.065291 -0.035500 0.184375 0.148520 0.599778 -0.141707 0.174505 0.117181 0.790744 -0.196097 -0.369441 0.063257 0.449961 -0.276638 -0.251554 0.037794 -0.379722 -0.304535 -0.676540 -0.678390 -0.244565
ClassCreator -0.065902 -0.717200 0.183577 0.743198 -0.688592 -1.056528 1.056128 -0.371674 -0.568040 0.494973 -0.071062 -0.757013 0.013877 0.425378 0.016874 0.020895 0.067084 0.510026 -1.050414 -0.239977 0.046724 0.066533 -0.166092 0.768409 0.989937 -0.171318 -0.225852 0.753872 0.028394 0.794705 -0.586405 -0.244996 -0.698145 0.540183 0.490473 0.735505 0.104180 0.574367 -0.037661 0.235601
== 0.121694 0.129456 -0.467324 -0.894758 -0.233272 -0.692695 0.931881 0.287990 1.266922 -1.122543 0.123153 0.000948 -0.289646 -0.037992 0.745103 -0.020338 0.517286 0.493842 -0.510017 0.173923 0.226958 0.313632 0.083249 0.474284 -0.496207 -0.323030 0.530494 0.093848 -0.423364 -0.793971 0.334116 0.941291 -0.399625 -0.756121 -0.068875 0.586883 0.642356 0.055776 -0.421543 -0.306560
FieldDeclaration 0.630430 -0.384384 -0.320166 0.967549 -0.902642 -0.223356 0.201815 0.393088 -0.082922 0.479574 -1.158534 0.557336 -0.294159 0.615901 0.820224 -1.104770 -1.339044 -0.261557 0.206750 0.113810 0.068111 -0.154822 0.200865 -1.181844 -2.041758 -0.249873 -1.436882 0.803781 0.486875 1.135557 -0.423085 -0.666951 0.699510 -0.464717 0.810413 0.732121 0.233387 -0.654356 2.293357 1.401617
+ -1.291929 -1.385598 0.735249 -0.585078 0.089212 -0.013276 -0.546671 -0.761473 0.266142 -0.232546 -0.449361 -1.076024 -0.605318 0.018461 0.402900 0.043759 0.057042 -0.719490 -0.932170 0.431056 0.504632 0.473227 0.927839 0.680088 0.463804 0.217785 -0.786770 -0.496889 -0.254142 0.788222 -0.927459 -0.152101 0.004455 -0.224794 0.771129 0.086334 0.063177 -0.196440 -0.002264 -0.956943
!= -0.681302 -0.255096 0.447848 -0.495790 0.990784 0.664298 -0.514790 0.072805 -0.317977 -1.163674 -0.319338 0.078958 -0.633349 -0.534934 0.196458 1.151086 -0.760096 0.941879 -0.340775 0.286174 -0.318642 0.495955 -0.323094 0.029447 -0.015902 0.551413 -0.289855 0.536232 -0.476522 -0.056713 -0.722685 0.342147 -0.419277 -0.454868 -1.034181 0.549546 0.077400 0.032098 -0.597050 0.637681
Import 1.401049 -0.569513 0.914522 1.883234 0.504962 -2.368676 0.664848 -0.932395 0.107636 1.480397 -0.652188 0.601985 0.678512 -0.765349 0.228451 -1.165817 -0.497961 -0.068954 0.744881 0.763864 0.493926 -0.884799 -0.306800 -1.362167 0.148421 -1.182977 -1.540929 -1.077980 1.564270 -1.151914 -0.061348 -0.292491 0.671507 -1.569536 -0.191531 0.704984 0.563938 -0.160420 1.030362 1.903415
- -0.870882 -0.337366 -0.098913 -0.579507 1.049809 1.712433 0.194461 -0.033391 2.137838 -0.518655 -0.294650 0.203391 -0.185407 0.173428 0.633726 -0.737143 0.226238 0.272909 -0.568206 0.232264 0.223162 -0.406949 -0.441171 0.194033 -0.817928 -0.284602 -0.249445 0.637405 -0.033868 0.188392 -0.202916 -0.190756 -0.410713 0.404912 -0.373858 0.188578 0.108432 -0.434613 0.178800 -0.788863
This -0.476299 -1.012680 0.506950 0.294120 0.464955 -0.149017 0.139689 0.470613 0.514898 1.457801 -0.792295 -0.961390 1.081453 0.229640 -0.125000 -0.424771 -1.046331 0.497953 -0.287756 0.486236 0.487382 -0.504491 1.016450 0.887768 0.246481 -0.050473 -0.448601 0.001554 0.964444 -0.093315 0.237158 -0.105897 0.062490 -0.818349 -0.448117 0.469534 0.110717 0.226147 -0.890297 0.107322
Cast -0.338154 -0.315227 -0.378533 0.439046 -0.258803 -0.121367 0.194026 1.026074 -0.400500 0.614188 -0.377109 0.804969 -0.882590 -0.656393 -0.490728 0.293278 -0.702543 1.145736 -1.200589 0.161288 0.002157 0.986731 0.048645 1.262477 0.241220 0.121238 -0.733310 0.179551 -0.217142 0.028314 0.799423 -0.150075 -0.344712 0.921214 0.156868 -0.289651 -0.648485 0.130921 -0.370013 0.024529
SwitchStatementCase -1.206455 0.423826 -0.103965 -0.167218 -0.899286 1.059370 0.725992 -0.720088 -0.051775 -0.109114 0.676231 0.219834 -0.163921 -0.588056 -0.597500 -1.046705 1.462187 0.056418 -0.023991 0.916815 0.115846 0.853243 -1.166299 -0.929391 0.284575 0.325002 1.629582 -0.614037 -1.786571 0.043011 -0.934445 -1.181249 -0.361667 0.630193 -0.339830 0.775723 -0.550131 0.517019 -0.245927 0.436662
ArraySelector 0.255318 0.059253 -0.527916 -0.764919 0.065633 0.171750 -0.263448 0.128671 -0.487914 -0.699320 -0.349609 0.277318 -1.175791 -0.154075 -0.010474 0.211853 0.660966 0.134475 0.122177 0.256872 0.531074 0.256997 0.656213 -0.635784 -0.549254 -0.099083 -0.017789 -0.207290 -0.069715 0.281704 -0.203528 -0.222952 -0.300167 1.169234 0.421849 -0.593422 0.352018 -0.680725 -1.424712 -0.948276
++ -0.010246 0.469699 -0.176336 -0.247123 0.523056 0.696781 0.011877 0.720048 -0.003177 -0.513393 0.549875 -0.486516 -1.071928 0.363947 -0.299326 0.205020 0.852532 -0.046823 -0.329884 0.030424 0.005440 -0.127117 -0.189290 0.163963 -0.426797 0.073628 0.477498 1.040938 0.035693 -0.028918 0.226523 0.134125 -0.403801 0.961932 0.721714 -0.411478 -0.747717 -0.774707 -1.007391 -0.143730
&& -0.339823 0.106794 -0.561058 -0.023143 0.356376 0.237023 -0.428921 0.538816 0.648516 -2.123417 0.537637 -0.740669 0.348187 -1.306622 0.097303 0.709498 0.195455 0.422140 -0.584877 0.392214 -0.477458 -0.312480 -1.206937 0.769685 -0.397767 -0.288586 -0.002643 -0.438631 -0.102183 -0.018682 -0.109903 1.640102 0.421175 0.074579 -0.488601 0.901608 0.516416 0.348239 -0.067845 -0.119232
< -0.647674 0.305433 -0.075408 -0.436753 0.232685 0.683177 -0.673525 0.842569 0.327811 -1.227121 0.522074 -0.766599 -0.799416 0.375817 -0.490548 0.540246 0.716690 0.216529 -0.969137 0.337750 0.034693 -0.176120 0.397520 0.359616 -0.641328 0.557013 0.400984 0.780162 0.528629 0.663059 0.846532 -0.260099 -0.017662 1.342699 0.143523 -0.800393 -0.656004 -0.962919 -0.210694 -0.050815
ClassDeclaration 0.335383 -0.879048 0.571585 0.929389 0.136060 -0.944016 0.702169 -0.233750 0.596843 1.048909 -0.761015 0.329259 0.337148 -0.218589 0.097035 -1.185688 -0.810782 0.252301 0.375083 0.613853 0.388891 -0.480793 -0.222503 -0.749464 -0.568635 -0.979478 -1.023965 -0.222304 1.309942 -0.464328 0.300679 -0.094550 0.519875 -0.292175 0.585853 0.571121 0.100894 0.098911 0.961319 1.159464
ForControl -0.028448 0.145728 0.740651 -0.502768 0.600646 0.965910 -0.101214 0.572153 0.741288 -0.242628 0.942789 -0.115260 -0.459595 1.072210 0.147242 0.879795 0.960260 0.216564 -0.390561 -0.583930 -0.068722 -0.230151 0.392207 -0.187769 0.413441 0.660454 0.426185 1.704358 0.655460 0.018076 1.165217 -0.458017 0.262393 1.144536 0.492817 -1.063420 -0.365300 -0.569532 0.160786 0.130855
ForStatement 0.049803 0.243868 0.700723 -0.370464 0.697067 0.948661 0.048119 0.593233 0.897486 -0.126195 1.017622 -0.080107 -0.312741 1.276489 0.134753 0.718971 0.811398 0.232226 -0.351664 -0.627011 -0.069081 -0.209623 0.440536 -0.463308 0.236936 0.612022 0.351684 1.623438 0.743950 0.007926 0.911394 -0.422344 0.308019 0.994395 0.369891 -1.047780 -0.105263 -0.494712 0.045839 -0.026600
BreakStatement -0.537335 1.237380 -0.357564 -0.854703 0.205991 1.338862 0.297380 0.235808 0.307241 -0.132949 1.067809 0.073850 -0.434096 -0.134723 0.033382 -0.648620 0.770692 -0.069782 0.143690 0.972364 0.134129 0.245097 -0.266032 -0.959976 -0.447189 0.019828 0.646194 -0.014991 -1.529004 -0.428652 -0.595847 -0.628645 0.084490 -0.563165 -1.006790 0.316661 -0.770459 -1.167775 -0.619523 0.707928
ConstructorDeclaration 0.395845 -1.124116 0.542055 0.433390 -0.491384 -2.319662 0.667420 -0.100325 -0.270147 1.087732 -2.016114 0.171786 -0.329725 -0.185106 0.061778 -0.544829 -0.576907 0.428400 0.859265 0.534264 0.321125 -0.418615 0.313075 -0.152099 -0.652352 -0.816362 -0.982126 0.530938 1.262837 0.106392 1.248833 -0.763267 -0.561009 -0.094123 0.235581 0.354646 0.324268 -0.062971 0.630593 1.426187
! 0.323211 0.549943 -0.752051 -0.084530 0.315471 0.301472 -0.266079 -0.440549 -0.050483 -0.837836 1.190892 -0.436477 -0.343876 -0.199995 0.102005 1.036430 -0.275196 0.371620 -0.049624 -0.048186 0.137652 -0.678026 -0.498067 -0.271739 -0.123041 0.104886 0.337269 -0.638777 0.039193 0.105398 -0.509633 0.830854 0.539590 0.223781 -0.022168 1.141239 -0.089770 0.229688 -0.860100 0.002685
VariableDeclaration -0.145089 0.140784 0.655472 -0.690251 0.642137 0.759150 -0.088363 0.386067 0.939775 -0.250589 0.899922 -0.114481 -0.705159 0.925164 0.074465 0.745343 0.786673 0.132385 -0.380533 -0.458953 -0.050633 -0.353708 0.392718 -0.217366 0.227539 0.421398 0.273948 1.464994 0.707490 -0.016465 1.255010 -0.412274 0.205984 1.094142 0.613713 -1.117905 -0.445842 -0.765671 0.176522 -0.030232
ThrowStatement -0.392952 -0.258168 -0.384387 0.567717 -1.047031 -0.520362 0.747002 -0.035159 -0.267353 -0.115667 -0.847004 -1.266415 1.152183 0.527778 -0.245447 -0.590876 0.767799 -0.282494 -1.141631 0.572101 0.174885 0.316604 0.306893 1.645011 0.114508 0.317163 1.145307 0.201301 -0.067499 0.486407 -0.923130 0.386051 -0.814276 -0.356892 0.245463 1.255208 -0.098795 0.578608 -1.258976 -0.187685
|| -0.809791 0.491829 -0.527672 -0.079980 -0.570268 -0.774184 -0.217156 0.742537 0.802456 -2.442124 0.725622 -0.863956 0.260099 -0.785125 -0.599157 0.313224 0.176262 0.585715 -1.489151 1.078069 0.017183 0.297043 -0.259741 0.693664 -0.894392 0.324581 0.822595 -0.595200 -0.165721 0.092930 0.672908 0.704168 0.568948 -0.406726 -0.502807 0.841761 0.411798 0.367911 0.502813 -0.014998
CatchClause 0.261380 -0.155077 -0.365249 0.852029 -0.240894 0.686699 -0.120787 -0.417492 -0.535155 0.696227 -0.508911 -0.109168 0.429157 1.041441 0.126833 -0.309501 -1.152823 -0.531673 -0.658944 -0.619898 0.162481 0.221326 1.005226 0.551764 -0.378075 1.181838 1.050886 -0.452700 0.120873 0.011404 -1.752734 0.255194 -0.620236 -1.361504 0.498586 0.554855 -0.460666 0.497036 -0.879181 -0.562893
CatchClauseParameter 0.405944 -0.194539 -0.450964 1.009766 -0.216924 0.562949 -0.112866 -0.359333 -0.491688 0.663417 -0.416629 -0.140728 0.580363 1.125795 0.149868 -0.274890 -1.024449 -0.458143 -0.832640 -0.565742 0.213360 0.188716 0.877171 0.643773 -0.178353 1.245441 1.111920 -0.556579 0.193170 0.103897 -1.792521 0.288208 -0.665373 -1.313159 0.495048 0.568843 -0.420353 0.678022 -0.855225 -0.570335
TryStatement 0.755237 -0.061778 -0.120747 0.731575 0.296526 0.376181 -0.032592 -0.494311 0.103950 0.127646 0.012020 0.130436 -0.149335 0.642690 0.136933 1.051446 -0.305455 -0.214386 -0.336484 -1.048875 -0.234897 -0.399106 0.070274 0.779002 0.106096 1.137136 1.183623 0.567688 0.853370 -0.428714 -0.104431 0.318951 -0.564395 -0.518458 0.655134 0.445947 -0.544931 0.561257 -0.831012 0.106993
instanceof 0.243979 0.750883 -0.539834 1.116254 -0.623585 -0.544409 -0.220965 1.816757 -0.491076 0.217539 0.284097 -0.604947 0.450977 -1.165397 -0.882048 0.181498 0.011363 0.432885 -1.080796 0.450085 -0.191408 0.739498 0.068010 0.976604 -0.214980 0.373731 0.038306 0.236025 -0.440479 0.009470 1.188289 0.604120 1.166439 -0.494581 0.340891 0.752575 0.436990 0.341841 -1.028878 0.363624
PackageDeclaration 1.069248 -0.523173 1.476231 1.153754 -0.157928 -2.180126 0.531727 -0.521364 -0.121693 0.379422 -0.905255 0.499927 1.663157 0.493163 -0.609105 -0.905597 -0.053142 -0.539987 1.077867 0.662892 -0.068485 -0.498646 -0.568986 -1.416669 -0.212370 -1.221125 -0.529046 -0.234177 2.108795 -1.044560 0.524294 0.643144 0.755805 -0.631494 0.488074 0.207548 0.164911 0.257623 1.689323 2.048601
TernaryExpression -0.192411 0.534561 -1.175458 -1.336068 -0.131226 -1.094301 -0.082856 0.173003 0.032755 -0.352636 0.361669 -0.531956 0.355330 0.283393 0.623645 0.135475 -0.429524 0.923078 0.450081 -0.267549 0.495278 -0.585898 0.475887 0.218167 -0.395849 -1.128818 -1.085401 -0.199266 -0.912073 1.500897 0.624852 -0.033439 0.065756 0.589550 -1.332101 0.086511 1.788851 0.343206 0.431214 -1.652720
ArrayCreator -0.019808 -0.340603 0.726097 -0.622788 -0.409206 -0.430959 -0.045511 -0.017838 -0.388849 0.557375 0.108178 0.728977 -0.600893 1.418678 0.246211 0.891764 -0.934589 0.589574 -0.486171 -0.912860 0.299035 0.959979 1.507372 -0.296296 0.553580 0.819391 -0.248661 0.772436 0.666186 0.140693 0.367211 -0.130047 0.266291 0.485783 0.817864 -0.598168 -0.168687 0.446527 0.742159 -0.149920
> -0.883178 0.190518 0.147102 -1.090237 0.383100 0.426361 0.003664 0.593129 0.275939 -1.220847 0.688595 -0.612122 -0.011864 -0.233101 0.096224 0.317984 0.079235 0.225195 -0.561541 0.305293 -0.620363 0.135247 -0.480256 1.120257 0.621065 -0.524361 -0.304889 0.228526 -0.884516 -0.300078 -0.419389 0.557045 -0.551627 0.087626 -0.956433 -0.790387 -0.517587 -0.547294 0.355805 -0.344613
& -0.506572 0.550230 0.283563 -1.219758 0.477130 0.191776 -0.221307 0.117638 -0.673055 -0.759806 0.500535 0.938610 -0.141903 -1.343441 0.141355 0.784910 0.591444 0.846159 0.825981 0.693204 -0.226966 0.749684 -0.413232 -0.977232 1.095321 -0.165204 -0.506009 -0.797739 -1.989159 -0.370711 -0.201658 -0.501648 0.101682 -0.080071 -2.320821 -0.637678 1.147603 -0.026721 -0.659517 -0.140831
SuperConstructorInvocation 0.675040 -0.382564 0.725669 -0.001188 0.252418 -2.082189 0.365565 -0.606641 -0.691043 1.533401 -1.141671 -0.486408 0.495601 0.271173 0.194350 -0.268050 -0.584687 0.022038 1.321751 0.152509 0.114516 -0.706461 0.299836 -0.196781 0.060779 -1.142647 -1.162182 0.481803 0.744116 -0.008866 0.781826 -0.299629 -0.057237 -0.670201 -0.195961 0.189912 0.661227 -0.157670 0.218506 1.086552
>= -0.746035 0.043963 0.239132 -1.056271 -0.078750 0.321921 -0.251872 -0.034060 0.684769 -1.596267 0.376190 -0.708064 0.639763 0.189844 -0.367570 0.410215 0.833197 -0.295525 -0.338898 0.015525 -0.362240 -0.079099 -0.128273 0.766317 0.393745 -0.064807 0.707965 0.283939 0.371572 0.009497 0.338543 0.597481 -0.129887 0.671092 -0.080984 -0.674286 -0.157864 0.017074 0.517978 -1.009052
ArrayInitializer 0.913324 -0.105113 0.105845 -0.226740 -0.323579 -0.726808 0.481301 -0.352725 -0.049538 0.673802 0.282986 0.635270 -0.157814 1.889894 0.911849 0.747239 -1.145303 0.536741 -0.395109 -1.281762 0.397866 0.490846 1.515405 -0.368395 0.297282 0.700182 -0.117586 0.635558 0.361858 0.235604 -0.067667 0.142064 0.103476 -0.886345 0.306604 0.125835 0.372945 0.601514 0.622265 -0.189747
ClassReference 0.332451 -0.794641 0.031730 -0.237837 -1.580659 -1.161636 0.584239 -0.496503 -0.153783 -0.818387 0.116355 0.480741 -1.174840 0.430656 0.115642 0.510359 -0.842778 -0.072994 -1.002348 -0.503375 0.491386 1.431373 1.050520 -0.196033 -0.217180 0.944117 1.383998 -1.169665 0.252676 -1.087866 -0.811478 1.136238 -0.234865 -0.700890 2.100845 0.509875 -0.577287 0.884793 0.285688 -0.208225
+= -0.417637 0.012561 -0.394953 -0.992816 -0.092099 1.024054 -0.513366 0.695032 -0.439615 0.137806 -0.545193 -0.976862 -0.928571 -0.417802 0.103661 -0.234084 -0.244687 -0.766701 1.403315 -0.205735 -0.618441 -0.483195 -0.011972 0.131365 -1.009567 -0.146020 0.392344 0.661825 -1.409087 0.383461 0.146688 -0.895141 -0.728796 -0.462735 0.176338 -0.781535 0.204857 -0.861709 -0.318137 -0.851811
WhileStatement 0.271656 0.429214 -0.510186 0.254937 0.528066 0.591364 -0.604360 0.688516 -0.393454 -0.610636 0.316098 -0.605861 0.287399 -0.227787 -0.217943 0.601289 -0.353810 -0.438715 -0.380931 -0.406812 -0.839451 -0.390449 -0.555058 1.395030 0.008653 -0.087473 0.042778 0.460615 0.228489 -0.156985 -0.151319 1.172764 -0.387039 -0.116311 -0.151959 -0.576601 -0.668565 -0.305069 -0.182521 -0.313258
SwitchStatement 0.142841 0.662599 0.127232 0.361565 0.166513 0.514487 0.086363 -0.221348 -0.556015 -0.084922 -0.027337 0.955590 -0.177746 0.535406 -0.564906 0.033733 0.650188 0.418514 -0.540158 0.441920 0.387957 0.690696 0.308009 -0.748781 0.242574 0.952529 1.176509 -0.042895 0.175097 -0.521101 -0.349809 -0.564350 -0.385654 0.569580 -0.415007 -0.080492 -0.869025 -0.142144 -1.207530 0.476604
-- 0.160406 0.354843 -0.025962 -0.588396 0.508864 1.211758 -0.332106 0.395617 0.098085 -1.460575 0.708667 0.651559 0.559066 0.179116 -0.452008 0.509013 0.169391 -0.181115 -0.450621 -0.237520 -0.481331 0.215987 -0.099356 0.207890 0.520511 0.192135 0.706646 -0.284494 0.009918 -0.946593 -0.438700 0.495659 -0.674351 0.395640 -0.667817 -1.599224 -0.554635 -0.336403 0.039587 -1.278301
ConstantDeclaration 0.889353 0.691316 0.415625 1.354248 0.736473 0.815211 -1.149511 -0.059692 -0.425064 -0.478126 0.899618 0.431685 0.917926 0.197501 -0.052749 -0.561613 0.227191 -0.815963 0.942217 -1.097454 -0.465828 -0.733332 -0.819242 -2.252447 -0.570490 0.155994 -0.384970 -0.412765 -0.248308 0.576413 -0.610229 -1.223714 0.862899 0.069828 -0.153993 -1.835012 1.790613 -0.220783 2.172592 -0.600201
SuperMethodInvocation -0.480821 0.412804 -0.332014 -0.343194 0.394614 0.592335 -0.014868 -0.185520 0.201080 1.423805 0.092630 -0.779651 -0.783760 -0.217116 -0.236278 -0.721163 -0.725341 -0.152329 1.165591 1.201448 0.847967 -0.452241 0.465515 -0.673250 -1.006488 -0.450121 -0.750158 0.189047 -0.170616 0.594100 0.195680 -0.226219 0.941827 -0.500246 0.386078 1.374233 -0.729301 -0.639762 -1.034622 1.155769
| 1.290297 1.095944 -1.357933 -0.560417 -1.297168 -1.717052 -0.095265 -0.942318 -0.256141 1.006849 0.193665 0.675496 0.396779 -0.747048 0.805649 0.024140 1.483435 -1.082152 1.708450 -1.185078 0.090330 -0.507144 0.385760 0.201891 0.801006 -0.592449 -0.315377 -1.054863 -0.714583 0.377748 1.387738 -0.168614 0.728673 0.020724 -0.562818 -0.182030 1.089957 0.376522 0.459876 -0.653106
/ -1.756448 -0.333285 -0.010853 -0.089934 0.503229 1.599326 0.058426 0.330390 1.111890 1.236915 0.791230 -0.502216 0.277308 -0.308116 0.146670 -0.891276 -0.184249 0.168211 -0.778647 -0.250307 -0.158170 0.041781 -1.070963 1.726010 1.024470 -0.796456 -1.599504 0.202986 -1.284238 1.152927 0.072381 -0.365828 0.454518 0.743626 -0.262094 -0.267148 -0.142941 0.254606 1.000813 -1.366388
<= -0.556217 0.107276 0.306660 -0.630214 0.580091 -0.055375 0.281688 -0.351994 0.650726 -1.017810 0.715829 -1.475262 0.298283 -0.099707 -0.043178 0.551678 1.119728 -0.161509 0.222832 -0.310816 -0.597876 -0.806780 -1.326239 0.826073 0.735187 -0.648129 0.456233 1.274934 -0.336115 0.237253 0.761051 0.315364 -0.353318 0.340564 -0.113439 0.108353 0.181666 0.135052 0.185626 -0.360386
ContinueStatement 0.910449 0.694354 -0.184101 1.215620 0.448946 0.131608 0.393479 -0.241898 0.318679 -0.947526 1.565850 -0.164765 -0.889554 -0.048432 0.357487 0.813581 1.153668 0.624360 -1.444395 -0.097065 0.418224 -0.201570 -0.364590 -0.824863 -0.428227 1.185442 1.477317 0.311565 -0.161414 0.025844 -0.224454 -0.668099 -0.221019 0.019459 -0.055046 0.840144 0.604223 -0.083370 -1.424154 0.970899
* -1.065682 -0.883714 -0.170182 -0.359858 -0.232894 1.380046 -0.161296 0.048901 0.609243 0.364593 0.103982 0.828211 -0.274024 -0.370388 -0.421092 -0.676197 -0.588551 0.038102 -0.475782 -0.122593 0.247634 0.968732 0.001600 0.267092 0.294738 -0.062352 -0.725916 -1.015526 -0.914499 0.473531 -0.416588 -0.255601 0.141294 1.204530 0.659295 -0.604947 0.044707 0.817704 0.785655 -2.043648
ExplicitConstructorInvocation -0.051627 -1.252019 -0.075788 0.675666 -0.550048 -1.894911 0.729421 -0.458133 -1.714977 1.898183 -2.263116 0.507433 -1.196410 -1.414817 -1.018510 -1.017497 -0.367679 0.242823 0.967179 0.585843 -0.015399 -0.023190 -0.668769 0.609967 0.520354 -0.793758 -0.332420 -0.868521 0.393865 -0.579408 0.524099 -1.153830 -1.714725 0.877849 0.102683 -0.364670 -1.231616 0.201502 -0.599593 0.971406
<< 0.519488 0.039873 -0.195063 0.527240 -0.439578 0.061314 -1.719757 -0.622332 -2.104032 -0.755814 -0.857695 1.318833 -0.003483 -1.066570 0.016856 0.748583 -0.523184 -0.528340 0.758268 -0.378360 -0.596182 0.723431 0.057210 -0.858254 0.128313 0.284214 -1.358283 -1.193649 -0.668776 1.152828 -1.013173 -0.778614 0.607659 0.287635 -0.974404 -0.992216 1.048016 -0.141597 1.379644 -0.253109
% -0.149359 -0.360168 -0.224564 0.117969 0.214887 1.231361 0.205172 -0.151516 -0.069950 0.223779 -0.219715 -0.391034 -0.281688 -0.704677 0.103339 -0.721411 0.607116 -0.962305 0.268404 -0.090406 -0.544869 -0.072086 -1.254193 0.513356 0.162721 -0.663702 -0.479167 0.261564 -1.316703 0.338370 -1.320231 0.050849 -0.589480 0.078707 0.747111 0.034374 -0.095464 -0.481756 -0.221256 -0.602415
SynchronizedStatement -0.064590 -0.450269 1.197448 -0.507374 0.315846 -0.196367 0.177358 0.184258 0.581826 -0.111294 0.506036 -0.274275 1.153653 0.065821 0.452164 1.008267 -0.219395 0.063813 0.125833 -0.037228 0.063104 -0.107543 0.456385 -0.015854 1.350769 -0.065008 0.091585 -0.379187 1.220087 -1.570014 0.050859 1.677852 0.454883 -0.365019 0.132370 -0.354398 -0.262441 0.141083 -0.072922 0.311094
&= 0.868781 0.935618 -1.176680 -0.613067 -0.929611 -0.286455 0.575967 -1.418602 0.644014 0.020491 -0.786993 1.117068 1.367017 0.512098 0.198552 -0.728342 0.984747 -0.740844 2.008144 -0.406783 -0.054921 -0.545565 -0.414997 -0.783958 -0.679894 0.046107 2.435735 -1.013964 0.094599 -0.819624 0.381934 0.485963 -0.465652 -0.435510 -0.466084 0.907142 -0.012340 1.302835 -0.329337 -0.309400
-= -0.375079 0.012478 0.648413 0.150211 0.485029 0.639410 -0.928873 0.872652 0.012563 0.454331 -0.007800 -1.221199 0.281031 -0.341953 -0.561881 -0.570017 -0.506698 -1.426768 0.736893 -0.111498 -0.814605 -1.147490 -0.450979 1.111023 -0.048116 -0.168779 0.180708 0.314168 -0.062404 -0.356615 0.669427 -0.411869 0.071738 -0.820423 0.366795 -1.473739 -0.886142 -0.918115 0.820410 0.089441
InterfaceDeclaration 0.602259 -0.152753 1.057370 0.034542 0.396324 0.143909 -0.730799 -0.909075 -0.311262 0.366475 -0.446412 1.167843 1.319652 -0.040636 -0.494235 0.011527 -0.209351 -1.015024 1.896531 0.410882 -0.052861 0.030158 -0.036311 -1.935024 0.353352 -0.367135 -0.551389 -1.659457 1.658594 -1.625162 -0.779307 1.567372 1.224096 -0.255059 0.195158 0.153743 -0.736957 0.202256 0.447598 1.282586
^ 0.620104 0.730054 -0.743572 0.279431 -0.510094 -0.756377 0.176837 -0.877417 -0.090048 -1.102617 0.650176 -0.362221 0.451179 -0.624542 0.202464 0.898556 1.125683 -0.079498 -0.327950 -0.815654 -0.323235 -0.082535 -0.860896 0.932662 0.874524 0.390592 1.647177 -0.377468 -0.538453 -0.226391 -0.043826 1.116207 -0.396103 -0.282491 -0.082225 1.085341 0.444684 0.825378 -0.891546 -0.435676
DoStatement 0.363381 0.650001 -0.007798 0.634893 0.605585 0.402875 -1.397779 0.207971 -0.793876 -1.075681 0.083464 0.321005 -0.712319 -1.186579 -0.395602 1.115788 0.948801 -0.030095 -0.175959 -0.022616 -0.377582 -0.209735 -0.466764 -0.025114 0.325991 0.616716 -0.252709 -0.154251 0.074795 0.370244 0.301460 -0.129712 0.127195 1.089618 -0.736401 -0.560930 -0.206555 -0.661578 -0.416802 0.700423
|= 0.496317 0.688488 -0.395081 0.581999 -0.084345 -0.235744 -0.585832 0.960494 -1.118458 1.117765 0.818792 -0.968380 0.531468 -1.313920 -0.802880 -0.592653 -0.371210 -0.755399 1.508511 0.643461 0.284901 -1.228516 0.110016 -0.974120 -0.325917 -0.386663 0.166050 -1.647726 -0.276154 -0.418070 0.238587 -0.454606 1.198042 -0.412702 -0.015470 -0.628740 0.397114 -0.405359 -1.032469 0.082115
Statement 0.089420 0.988089 -1.659872 -0.225628 -0.071632 0.624927 -0.260529 1.156498 -0.243661 -0.448847 -0.031603 0.042585 -0.628453 0.788019 -0.350675 -0.463819 0.050454 0.324299 -0.730296 -0.198130 0.466966 0.840821 0.714574 -0.000152 -1.632533 0.761082 1.289809 0.133439 -1.535491 0.822381 -0.586309 -0.197780 -0.892013 -0.503128 -0.744498 0.078401 0.870901 0.205342 -1.590731 -1.664946
>> -0.079763 0.618613 -0.067217 0.241622 -1.141920 0.984886 -0.635920 0.166395 -1.383640 0.399744 -0.377073 1.411417 0.817314 -0.045167 0.102562 0.162389 0.938838 -0.291108 0.097686 -0.565262 -0.430937 1.460377 0.119705 -0.505132 1.121716 0.888654 -0.206879 0.058030 -0.921976 1.260438 -0.217945 -0.910589 0.889333 1.202783 -0.217589 -0.575682 0.938570 0.544429 0.334637 -0.725153
~ -1.227461 0.086673 -0.029515 -0.407924 -0.341679 2.599843 -0.783636 0.073123 -0.211032 1.345712 -0.733499 1.013896 1.440624 -0.029560 -0.443462 -0.831641 1.054937 -0.797239 1.360870 0.126793 -0.161544 0.556825 0.172682 -0.818261 0.744064 0.695732 0.410619 -0.555580 -0.531503 0.886386 0.048646 -0.662907 1.181012 2.119832 -0.011147 -0.618985 0.190569 0.880094 -0.126441 -1.687676
>>> 0.626370 0.519422 -0.054978 1.122859 -0.794883 0.307773 -0.345565 -0.753751 -1.154509 0.336950 -0.060710 1.215942 0.914000 -0.140310 0.048845 -0.094720 0.827695 -0.562380 0.279985 -0.544987 -0.334216 0.531693 -0.539959 -1.080400 0.641864 0.659393 0.015123 -0.770060 -0.443426 0.874032 -0.931137 -0.527613 0.499991 0.580264 -0.091127 0.053247 0.628135 0.740884 0.437412 0.044412
*= -0.181323 0.256541 -0.100798 0.212124 0.380886 0.746537 -0.351443 0.445021 -0.624890 0.034700 0.474847 -1.010743 -0.183948 -0.630231 -0.461093 -0.550529 -0.140202 -0.554319 0.529827 0.511404 -0.092747 -0.511061 -0.158730 -0.575156 -0.450211 0.215892 0.851458 -0.600293 -1.181264 -0.095466 -0.788722 -0.692880 -0.302786 -0.796169 -0.285283 -0.406937 0.344481 -0.228637 -0.932679 -0.320024
^= 0.632683 0.445440 -0.169217 0.582057 0.682764 0.063664 -0.691038 0.264986 -0.413566 -0.523766 0.889164 -0.792202 0.222116 -0.962471 -0.344698 0.247084 -0.067046 -0.472165 0.735392 -0.213141 -0.493476 -1.444482 -0.727577 -0.354956 -0.251044 -0.273637 0.188061 -0.866345 -0.087363 -0.069083 -0.046091 0.311286 0.284097 -0.159338 -0.321860 -0.474094 0.446300 -0.085706 -0.257638 -0.170855
/= -0.103682 -0.261706 0.126515 -0.473048 -0.057866 0.093287 -0.172414 0.196815 0.073437 0.716045 -0.337433 -0.408435 0.340860 0.005768 -0.177053 -0.448200 -0.244315 -0.562109 1.000613 0.007520 0.035140 -0.552474 0.559341 0.034560 -0.215574 -0.123258 0.513528 -0.478944 0.206721 -0.421713 0.443748 -0.124780 0.036484 -0.392102 0.268347 -0.467455 -0.004743 0.130211 -0.342043 -0.550829
%= -0.033448 -0.089839 0.060563 0.275742 0.222005 0.180465 -0.145491 0.407236 0.060204 0.974696 -0.110127 -0.799534 0.841330 -0.214217 -0.225588 -0.668515 -0.511442 -0.369920 0.732831 0.201432 0.098275 -0.865400 0.309941 0.070607 -0.355445 -0.089211 0.246540 -0.406440 0.001431 -0.152954 0.220231 -0.415750 0.239566 -0.861290 -0.155545 -0.165990 0.368589 0.069372 -0.551746 -0.246232
<unk> -0.023503 0.013947 -0.008331 -0.019556 0.019314 0.031855 -0.005688 0.037683 0.022675 -0.030088 0.029142 -0.041630 -0.012531 -0.007449 -0.009602 0.020835 0.002302 0.020107 -0.036886 0.027212 0.001871 -0.008563 0.003823 0.028798 -0.014431 0.018031 0.034722 0.018398 -0.019950 0.002015 0.005825 0.008813 0.005992 0.005713 -0.005869 0.007372 -0.004979 -0.012899 -0.040591 -0.009715
