ReferenceType -0.445376 0.620972 1.174860 -0.603731 0.224005 0.478635 0.682454 0.521998 -0.839183 0.020280 0.766751 0.439291 -0.829530 -1.718106 0.232459 0.012287 0.006087 -0.665577 -0.349073 0.299398 0.496641 0.291775 0.047092 0.593454 0.950654 -0.361640 0.504639 -0.669766 -0.602896 -0.288657 0.178784 0.107559 1.038023 -0.159159 0.931580 -0.720777 -0.672679 -0.014756 0.186291 0.560140
MemberReference 0.368229 -0.278929 -0.053273 0.177454 -0.078438 -0.139112 -0.180013 -0.314672 0.225323 -0.190879 -0.233752 -0.600981 0.029024 -0.167863 0.304798 0.026962 0.195683 0.035649 -0.644693 -0.153371 0.109413 -0.150097 0.144640 -0.168442 0.256678 -0.451638 0.665422 -0.136981 0.025711 0.194926 0.302559 0.045916 -0.051103 -0.102498 0.358922 0.428271 -0.457602 0.553117 1.409874 -0.235360
MethodInvocation -0.109231 -0.810463 0.250239 0.362827 0.332310 -0.265648 0.034195 -0.071467 -0.571097 -0.441972 -0.783010 -0.423326 0.082470 -0.538030 0.249083 1.088685 0.280266 -0.302335 -0.757248 0.101569 0.157008 0.359960 0.615414 0.329359 0.828885 -0.492944 0.696013 -0.435703 0.229593 -0.070981 0.272169 -0.098492 0.243995 -0.071003 0.955822 0.127277 -0.138873 0.043391 0.815448 -0.681693
Literal -0.626890 0.003759 0.373940 0.159797 -0.153242 -0.024971 -0.002140 0.375400 -0.148298 -0.846727 -0.475904 0.569977 -0.084189 -0.091811 -0.452354 0.411482 -0.076942 0.398216 -0.319077 -0.271007 0.043348 -0.399217 0.629981 0.610685 0.108114 0.316651 0.457853 0.287291 0.308316 0.212102 0.582129 0.290450 0.152165 -0.358605 0.414609 0.476432 -0.033760 -0.089768 0.771737 -0.440647
StatementExpression 0.258686 -0.285306 0.339299 0.082794 0.332298 0.462528 -0.386044 -0.340429 -0.170496 0.144109 -0.402863 -0.414538 -0.068993 -0.637471 0.623642 0.903646 0.445115 -0.231194 -1.106251 0.116458 0.022108 0.068571 -0.184545 -0.040635 0.736107 -0.461324 0.768320 -0.105396 -0.215446 0.241811 -0.124623 0.196277 -0.083127 -0.767299 0.711905 0.046502 -0.439679 1.204209 1.124818 -0.482493
BlockStatement -0.833716 -0.989983 0.211640 -0.373993 -0.539342 -0.706754 0.496995 0.035750 -0.273456 -0.874521 -0.332857 0.211140 -0.658204 -0.123640 0.535907 -0.088824 -0.217820 -0.071244 -0.389669 -0.145182 0.619113 0.147682 0.725952 0.933700 0.241862 -0.513513 0.884330 -0.662573 -0.766894 0.239430 0.799127 -0.294155 0.178677 -0.273927 -0.021177 -0.180237 -0.900428 -0.178704 1.965062 0.106894
IfStatement -0.003723 -1.067738 -0.133224 -0.115932 -0.552225 -0.686009 -0.123137 -0.188961 0.030914 -1.136181 -0.141966 0.042999 -0.362770 -0.441354 1.059348 0.060674 -0.373748 0.083289 -0.809357 -0.314282 0.123417 0.178654 0.992530 1.132663 1.042973 -0.420803 0.720253 -0.507964 -0.513895 0.065953 0.711225 -0.049435 -0.156817 0.626865 0.179635 0.059351 -0.359917 -0.051315 1.178054 -0.517769
Assignment 0.498057 -0.291002 -0.349443 0.807145 -0.281983 0.362011 -0.473599 -0.406005 0.345111 0.184706 0.116796 -0.734169 -0.335049 0.259296 1.085781 0.331741 0.092571 0.125808 -0.774390 -0.148900 -0.661887 -0.184122 -0.569988 0.342243 0.926857 -0.128787 1.141854 -0.414128 -0.551068 0.042343 0.009677 0.232779 -0.293253 -0.762928 0.181010 0.001274 -0.482024 1.311304 1.589360 -0.500103
BinaryOperation 0.308757 -0.419059 -0.193292 -0.073112 -0.116283 -0.409278 -0.430548 -0.512030 0.377455 -0.386096 -0.062933 -0.835281 0.342704 -0.322516 -0.319286 -0.453607 -0.372193 0.257500 -0.005872 0.289161 1.074958 0.416913 0.207322 -0.622353 -0.090338 -0.427095 0.454966 0.053360 0.667950 0.569674 0.647707 -0.574525 -0.341056 0.986967 0.251445 0.802608 -0.342148 -1.103854 1.654424 0.508835
ReturnStatement -1.083924 -1.217111 -0.143815 0.440809 -0.451769 -0.012234 0.560560 1.076305 -0.033585 -0.398015 0.244861 -0.430990 -0.143256 0.644794 0.049209 -0.047161 -0.137175 0.732105 -0.292453 -0.430160 -0.810709 0.191327 0.424136 1.221548 1.303104 0.012432 0.863989 -0.483757 0.038147 -0.304580 0.725338 1.176318 0.151871 0.089797 -0.605679 -0.713212 -0.008128 -0.252595 0.448805 -1.008442
BasicType 0.187779 0.238923 -0.063558 0.716529 -0.887306 -0.199460 0.778978 0.782939 0.100194 -0.257333 0.409734 0.200960 0.277088 -0.106288 -0.571139 -0.477133 0.227050 -0.918124 0.225477 -0.180711 -1.251803 -0.953578 0.497684 0.544370 0.757274 0.095993 0.478725 0.090284 0.125353 -0.751098 0.967247 -0.197565 0.827060 0.302724 -0.264344 -0.019415 0.087833 0.122446 -0.594134 -1.002590
VariableDeclarator -0.292888 1.121743 0.712653 0.900364 -0.143359 -0.418953 0.722091 0.123732 -1.043202 0.180542 0.318169 0.679069 0.015587 -0.535133 -0.473267 -0.084606 -0.130240 -0.719033 0.540519 0.271554 -0.529512 -0.180406 -0.605962 0.399581 0.108135 0.266566 0.317041 -0.533241 -0.209184 -0.414683 0.511207 -0.704930 0.977279 -0.241997 0.940221 -0.462598 0.329919 -0.843170 0.048583 -0.267040
MethodDeclaration -0.373494 -0.690437 0.245606 -0.478626 0.174392 0.491210 0.168193 1.388106 -0.123850 -0.056542 -0.109197 -0.166901 0.109804 0.147518 0.025400 -0.347398 0.580310 -0.870535 -0.527451 0.014088 -0.187985 0.416654 -0.010093 0.886389 1.323058 -0.397936 0.703656 -0.017901 -0.581949 -0.156110 0.503859 0.227764 0.597360 0.300773 -0.097439 -0.685429 -0.695778 0.290535 -0.715973 -0.838234
LocalVariableDeclaration -0.135747 -0.066395 0.677809 -0.142514 -0.192643 -0.521086 0.705067 -0.057220 -0.929859 0.796729 -0.266028 -0.009600 0.549003 -0.577009 0.047109 0.013409 -0.591125 -0.320986 0.368034 -0.001716 -0.522344 0.367302 -0.081093 0.442785 0.592121 -0.854175 0.335277 -0.372861 0.090631 -0.072394 0.177708 -0.030327 1.000860 0.216178 0.444511 -0.905056 -0.201864 -0.891630 0.651455 -0.786958
FormalParameter 0.488269 -0.107092 -0.164056 0.573544 -0.323824 1.271123 0.277657 1.294667 0.517665 0.433444 0.781615 -0.881901 0.143837 -0.629356 -0.272436 -0.336311 0.456153 -0.949997 -0.211907 -0.236586 -0.269692 0.234547 0.045817 0.240374 1.059903 0.175998 0.430499 0.054392 -0.480562 -1.256389 0.179360 -0.054604 0.785995 1.114491 -0.414874 0.050160 -0.697076 0.804081 -1.112775 0.018390
SwitchStatementCase -1.342691 -1.401935 1.135550 -0.259074 0.089937 1.014647 -0.418576 -0.189453 -0.677518 0.183195 -1.476979 -1.051125 -0.134703 0.322532 -0.149325 1.499077 -0.687380 1.017186 -0.723495 1.189259 1.067342 0.398505 1.000027 -0.274004 -0.183243 0.054970 0.216253 0.229291 1.475701 1.217153 -0.026734 -0.118014 -0.108637 -1.546166 0.430245 -0.201838 0.478518 0.717324 0.727847 -0.881663
ClassCreator -0.115128 0.538551 1.429058 0.226174 0.333130 0.864191 0.280351 0.008073 -0.311890 0.252605 0.661812 0.142122 -0.566867 -1.073160 0.043001 0.839058 0.092463 0.718928 -0.123368 0.712742 0.054920 0.447723 0.439591 -0.387798 0.502192 -0.598833 -0.159432 -0.387394 0.272133 -0.156633 0.145411 0.560045 0.653948 0.176971 1.608988 -0.627676 0.190217 0.540192 0.209592 -0.045824
- -1.201635 0.440618 0.260732 -0.186520 0.182347 1.144458 0.501341 0.127663 0.944849 -0.769807 -0.821583 -0.046994 -0.297620 0.668692 -0.664149 1.085005 -1.139014 -0.133406 -0.273401 1.566912 0.742647 0.526293 0.365170 -0.749897 0.659790 -0.924322 0.994942 -0.310475 1.105336 0.271911 0.681788 -0.963943 0.075931 -0.333471 1.702782 -0.005774 0.210439 0.225157 1.051719 -0.391191
BreakStatement -1.230787 -1.102719 1.421192 0.431456 -0.051153 0.444880 -0.316578 0.582063 -0.818080 -0.601507 -1.303151 -0.667980 -0.539839 0.573916 -0.007263 0.626462 -0.547783 0.050623 -1.081094 0.734414 1.098965 0.286976 1.141218 0.239514 0.152425 0.429135 0.461007 -0.319944 0.489859 0.826285 0.583912 -0.547004 -0.294940 -1.318739 0.801548 0.074210 0.056768 1.879684 0.497216 -2.023491
== 0.564902 -1.059113 -0.029793 0.514414 0.052382 0.064767 -0.490710 -0.209181 -0.333752 -0.617181 -0.974814 -0.831770 0.509381 -0.354707 -0.313463 0.651756 -1.322183 -0.854089 -0.102455 0.559319 0.837045 1.415962 0.680642 0.268338 0.392173 0.297950 0.483023 -0.131132 0.540785 0.015824 -0.327614 -1.558227 0.195102 0.235754 0.150815 0.188152 -0.288660 -0.065528 0.934100 0.086625
+ -0.470758 0.267585 -0.196301 -0.180481 0.618651 -0.140860 0.957335 -0.067067 0.681092 -0.518222 -0.228255 -0.998379 0.399129 -0.349802 -0.783101 0.078636 0.819194 -0.134676 -0.105463 -0.134906 0.641922 0.462752 -0.040756 -1.624720 -0.349158 -1.136084 0.521595 -0.277264 1.018794 -0.060880 0.095306 0.804845 -0.042177 0.484633 0.319275 0.492857 -0.075063 -0.578706 1.233060 -0.058764
ThrowStatement -0.853422 -0.954392 1.412693 -0.707751 0.309848 1.244258 0.344957 0.576036 0.192830 -1.477529 0.446878 0.520669 -1.596452 -1.638492 0.648869 0.435073 -0.333381 0.734014 -0.073710 0.575239 1.834473 0.787608 1.980165 -0.170169 0.476149 -0.910642 0.593339 -0.875140 0.271873 0.002753 1.078122 1.375788 0.548976 0.116418 0.329495 -0.077446 -0.896907 0.706399 1.506291 0.797304
FieldDeclaration -0.937495 2.492160 -0.008628 0.832479 1.211060 0.217979 0.469263 0.703886 -0.928651 -0.882849 1.538757 0.981622 -0.693985 -0.125816 0.389438 -0.687276 0.963023 -1.275390 0.479597 0.289541 -0.298889 -0.017683 -1.011148 -0.086620 0.645586 1.073188 0.958767 -0.287334 0.664288 0.044155 0.117594 0.691359 0.403959 -0.942323 0.476816 0.194824 1.281127 -0.251085 -1.660277 -0.382547
Cast -0.084476 0.007203 0.419522 -1.024885 -1.033720 -0.469236 0.763378 -0.688435 -0.426803 -0.562074 1.098754 1.294836 -0.811319 -2.035572 0.501842 -0.201506 -0.356299 -0.715668 0.215244 0.589987 0.387404 -0.708926 0.802722 0.193745 0.769151 -0.541954 0.618240 -0.349865 -0.207205 0.078173 0.653069 0.802922 -0.174176 -0.380127 -1.142994 -0.148188 -0.467640 -0.256893 1.015486 0.697817
Import 1.424023 1.210278 0.659943 0.186976 1.451807 1.695642 -2.336936 1.632367 -0.878846 0.480209 0.770316 1.454329 -0.134403 -0.018892 0.527214 0.026689 0.385590 -0.500246 0.280464 -1.006439 -1.299064 0.701733 -0.917883 1.599236 1.325282 1.257898 -0.832786 1.120190 -0.648019 0.321835 -1.147563 0.052790 0.626442 0.659071 1.084418 -0.455812 -0.121464 0.243369 -2.821776 -0.077483
TernaryExpression 0.383438 -0.717305 0.794874 0.810772 0.079342 0.516393 -0.677217 0.548118 -0.405272 -0.490077 -1.112273 -0.900699 0.010306 0.457299 -1.424856 -0.567148 -1.529098 -0.750880 0.006900 1.157235 0.474943 -0.315616 -0.794220 -0.043718 -0.157966 0.857966 0.992659 -0.509182 0.519313 0.468565 0.605637 -1.585504 0.260446 -1.488752 0.282309 -0.007572 -0.381164 -0.297480 1.728371 0.539479
TryStatement 0.569348 -2.237348 -0.106860 1.413265 0.424620 0.127020 0.219115 0.467709 -0.203016 0.345368 -1.073919 -0.364671 -0.097017 0.118558 -0.198545 1.159144 0.348973 -0.118808 0.018145 0.071075 -0.502366 -0.130340 -0.131377 1.317023 0.935605 -0.235285 0.219638 -0.984754 -0.237573 -1.617026 0.028619 -0.245802 1.529893 -0.691637 -0.023166 -0.878179 -0.790293 0.174716 0.412740 1.635952
This 0.955431 0.762257 -0.326997 0.358818 0.739577 0.647053 0.342167 -0.288653 1.290128 -0.922172 0.117165 0.518080 0.175096 -0.213314 0.204452 0.224386 -0.048897 -0.874523 -0.080569 -0.237137 -0.757796 1.006671 -0.886892 -1.101144 0.816267 -0.935409 0.370656 -0.577284 -0.998238 -0.947782 -0.218273 0.702691 -0.679249 0.798755 0.165599 -0.596388 -0.387526 0.378612 0.762052 -0.325864
SwitchStatement 0.735449 -1.425657 1.111275 0.500934 0.223606 -0.012438 -0.898365 0.467372 -0.914433 -0.351310 -1.821967 -0.338487 0.659851 0.814429 -1.127628 0.028422 -1.536387 -0.337113 0.241194 0.579990 -0.362396 0.034278 0.311291 0.746697 -0.285207 0.531645 0.023075 0.069578 1.215946 0.910563 -0.221083 -1.070081 1.027706 -2.017360 0.013124 -0.249025 -0.725293 0.355285 1.305708 0.391545
!= -0.263755 -0.136079 -0.743586 -0.149288 -0.429643 -1.072152 0.226039 -0.569531 0.070033 -0.321099 0.556177 -0.331762 -0.021200 0.393873 0.278789 0.295033 0.112489 0.450207 -0.495892 0.478462 0.443646 0.859041 0.531007 0.104394 0.411909 -0.110982 -0.171448 -0.129991 -0.338837 0.033113 -0.347956 -0.965399 -0.624661 0.691887 0.171652 -0.055827 0.100121 -0.106575 0.403132 0.669190
CatchClause -0.298928 -1.512613 -0.448345 0.808494 0.942870 0.430585 0.177089 0.989202 0.163222 -1.178930 -1.147325 -0.754094 -1.264252 0.784881 1.177465 1.570715 1.537994 0.367223 -0.568202 -0.699593 -0.446352 0.680250 0.905390 0.771285 0.760701 -0.802739 0.641741 -1.049373 -0.495032 -1.097887 0.366737 1.172883 1.464884 -0.655723 0.497541 -0.144795 0.003319 1.042324 0.669083 0.485616
CatchClauseParameter -0.625528 -1.574657 -0.325836 0.996930 0.922450 0.095342 0.404638 0.445280 0.601866 -1.498941 -0.604814 -0.531878 -0.168204 0.371510 0.945812 1.062674 1.746431 0.754984 -0.612766 -0.507635 -0.137170 0.319922 1.441336 1.271981 1.053966 -0.540839 0.231415 -1.136492 0.404771 -1.366833 0.123095 1.359812 1.035720 -0.584267 0.660519 -0.495410 -0.719071 1.408286 -0.130386 0.530381
instanceof 0.373136 -0.637732 0.184639 -1.321936 0.345616 -0.558113 -0.598003 -0.470859 -0.871591 -0.780244 0.603899 0.867807 -0.863431 -2.544952 1.427967 -0.004563 0.361582 -0.387991 -0.447639 -0.743652 1.322758 -0.318634 0.650355 0.952143 0.569366 -0.180265 0.508047 -0.171883 -0.577710 0.191739 0.649920 0.957828 -0.096592 0.147805 -0.373714 0.399239 -0.449441 -1.290559 0.841543 1.354667
ArraySelector -0.039038 1.022609 -0.801388 -0.250619 -0.787907 -0.970603 0.869770 -1.018213 0.543671 0.294621 0.190060 -0.934703 -0.251378 0.692186 0.675202 -0.479822 -1.137127 0.160470 0.137304 -0.161867 -0.155073 -0.351331 -0.106590 -0.022765 0.242199 -0.559387 0.616268 -0.470217 0.694085 0.179814 -0.069412 -0.685817 0.327670 -0.197854 -0.015469 -0.252444 0.472178 -0.067070 1.232667 -0.066554
WhileStatement -0.124159 -0.883482 0.451667 0.800500 -0.292727 -1.154982 -0.334818 0.198920 -1.346768 0.407870 -0.267674 -0.499557 -0.012922 0.750743 -0.011430 0.532358 -0.548656 -0.115927 -0.151267 1.339283 -0.427476 1.105851 0.211012 1.164752 1.242027 -0.240632 0.927724 -0.697717 -0.083736 0.993666 0.398070 -1.511158 0.455383 -0.686990 1.491498 -0.704857 -0.433835 -0.730133 2.274212 -0.303757
! -0.890264 -1.549287 -1.269846 0.870743 -0.434602 -0.508983 0.491589 -0.363693 0.157017 0.406783 -0.268939 -0.879199 -0.147688 0.167015 1.112940 1.783038 1.018452 0.576334 -0.252152 -0.078762 0.144200 0.589356 1.037410 0.832303 1.321580 -0.692157 0.893904 -0.363487 0.113372 -1.151940 0.603764 0.199386 0.687171 0.907098 -0.185384 -0.123918 0.626360 -0.508737 0.232029 0.000318
++ -0.611050 0.244608 -0.036310 0.030598 -1.219951 -0.433974 0.647161 -0.860971 0.337019 0.905824 0.031324 -0.222386 0.074009 0.658864 0.521515 -0.617332 -0.340885 0.686939 0.390951 0.180685 0.238342 -0.645756 -0.125013 0.308152 -0.385907 -0.720155 0.672634 0.271379 0.007845 0.489566 0.788762 -0.903719 1.042667 -0.162546 0.007385 -0.131200 -0.459291 0.047534 1.469253 0.055846
< -0.490521 0.513295 -0.251658 0.235487 -0.832537 -0.269605 0.735921 -0.701523 0.814663 0.238112 -0.633198 -0.197163 0.195849 0.145117 -0.420507 -0.412481 -0.510647 0.469980 -0.000382 -0.312174 0.398832 -1.440678 -0.280567 0.194063 -0.853736 -0.429743 0.338435 -0.097209 -0.479848 -0.443947 1.247096 -1.391100 0.751729 0.708234 0.948952 0.617646 -0.273730 -1.082583 1.040525 0.269906
&& 0.225902 -0.539524 -0.671099 0.351146 0.002290 -0.821444 -0.328963 -1.004317 0.475337 -0.573159 0.211349 -0.705065 0.147422 -0.010586 1.050170 -0.185439 -0.644808 0.151821 -0.069139 0.344998 0.803231 1.644914 0.210267 -0.072911 0.908482 -0.619087 0.573938 -0.289755 -0.263618 0.169470 0.537578 -1.072671 -0.617098 2.343836 0.670745 0.145169 0.562686 -1.586211 1.007594 -0.222308
Statement -0.252963 -1.462438 1.295617 -0.323822 0.801437 0.795004 -1.950146 0.015546 -0.575390 -0.260870 -2.369247 -0.788255 -1.049248 1.299628 1.530517 0.279685 -0.525710 0.898629 -0.643436 0.819757 1.971149 1.093729 -0.026330 1.130149 -0.331305 -0.128865 0.008066 0.354945 -0.071236 2.012225 -0.349807 -1.208312 1.078920 -2.051890 0.769168 -0.667226 -0.817776 1.637248 1.062864 -0.137262
ForStatement -0.809239 0.635864 0.744908 0.250312 -0.862099 -0.289412 1.610836 -0.543101 0.039833 1.139167 -0.725772 0.269709 0.351184 0.031728 -0.428099 -0.181583 0.058914 0.158264 0.117989 -0.551461 0.011306 -0.648313 -0.019481 -0.304620 -1.249288 -0.823379 -0.416211 0.031063 -1.271702 -0.747719 0.373020 -1.281547 0.958261 0.421689 0.585246 -0.407780 -0.616043 -0.254755 0.338521 -0.464449
VariableDeclaration -0.434979 0.691998 0.234149 0.461440 -0.937154 -0.782024 1.854622 -0.981888 0.043495 0.818619 -0.837056 0.258366 0.403884 0.225909 -0.269716 -0.038995 -0.066862 0.026557 -0.081895 -0.482115 -0.006077 -0.767108 0.032930 -0.369416 -1.240063 -0.936284 -0.339633 0.111808 -1.142551 -0.872684 0.580516 -1.487851 1.124549 0.576183 0.287715 -0.262478 -0.383225 -0.279069 0.029152 -0.489609
ForControl -0.477792 0.857695 0.385002 0.254937 -1.172539 -0.149831 1.341056 -0.344644 0.440013 1.094351 -0.441025 -0.172386 0.824163 -0.007676 -0.854459 -0.628638 -0.115802 0.159617 0.091963 -0.280828 -0.114901 -1.067939 0.016156 0.126980 -0.956459 -0.752765 0.057705 0.210587 -0.778625 -0.433936 0.824302 -1.442676 1.242053 0.638596 0.975616 0.058297 -0.995614 -0.073295 0.548155 -0.520852
ClassDeclaration 0.130515 1.505403 0.042972 -0.237058 0.371723 1.020670 -0.601999 1.026055 -0.382138 -0.592804 1.370161 0.937627 -0.217550 -0.126370 0.410438 -0.559484 0.117863 -0.848808 0.286265 0.339150 -0.109376 1.100852 -0.002359 0.332896 0.881305 0.925151 0.036934 0.528984 0.102652 0.285044 -0.487933 0.227637 0.122614 0.468530 -0.181173 -0.217384 0.420503 0.744285 -2.134234 -0.242870
TypeArgument -0.705647 1.649148 1.085421 1.199201 0.554960 0.085676 1.126375 -0.394509 -1.346924 1.082217 1.151782 0.017246 0.005920 -1.065256 0.630435 -0.604450 1.516644 0.087180 -0.036250 -0.090521 0.352275 0.452183 -1.623103 0.309099 0.013140 -0.073272 0.074734 -0.238605 -1.311109 -0.577629 -0.175154 -0.317749 1.215223 0.196235 1.356463 -0.917042 0.087131 -0.526298 -0.935607 -0.047667
ConstructorDeclaration 1.149135 2.278599 0.453354 0.460031 0.521545 1.696746 -0.251830 0.769267 0.176961 -0.498599 1.498464 0.540110 -0.507396 -1.062068 -0.002785 -0.323136 0.135212 -0.873456 0.257819 -0.293155 -1.279566 -0.198946 -0.401923 -0.393464 0.598430 0.914250 0.047951 0.013668 0.042135 -0.737000 -0.597441 0.939598 0.551497 -0.018777 0.431876 -0.029598 0.528920 1.571649 -1.911207 -0.049047
|| 0.780027 -0.613256 -0.975754 -0.212884 -0.391469 -0.238913 -0.652815 -0.988234 0.463781 -0.321976 -0.090226 -1.093391 -0.060454 -1.467797 0.144586 0.272352 -2.145462 0.533080 -0.516330 0.249604 0.816693 -0.402361 0.503076 0.635806 1.060333 0.366859 0.103310 -0.553742 0.264851 -0.749363 0.483019 -1.089039 -0.685726 1.486986 0.550531 0.212593 0.864156 -1.416800 -0.172414 0.714478
> -0.275534 -0.032081 -0.975249 0.184542 -1.006344 -0.153643 0.441833 -1.412203 1.196690 0.069035 0.239691 0.256826 0.290198 0.711329 0.145952 0.298679 -0.636401 0.432287 -0.113101 0.841708 0.127330 0.094306 -0.419222 -0.507909 0.266374 -0.517183 0.578571 0.334473 -0.737221 0.013143 0.463934 -0.509789 -1.318809 0.704190 -0.568626 0.133385 -0.078655 -0.185254 1.652134 -0.294104
+= -0.485319 1.245272 -0.939361 -0.775513 -0.947839 0.091709 1.382259 -1.514993 1.005208 0.283830 -0.206914 -0.786557 0.019364 0.401983 0.774862 -0.475263 -1.068472 -0.865567 -0.554542 0.166000 0.749510 -0.093622 -0.884713 -1.266092 0.003191 -0.935191 1.389751 0.144373 -0.379440 0.326948 -0.050369 -0.421862 -0.830353 -0.366796 -1.225068 -0.274849 0.067395 0.938534 1.342529 -0.914709
PackageDeclaration 1.063491 1.112976 0.275461 -0.901374 1.591666 0.804544 -2.131511 2.343229 -0.818299 0.326353 1.247005 0.539241 -0.490743 -0.375776 0.099722 -0.311325 1.058371 -1.072730 0.084276 -0.571986 -0.557798 0.453480 -0.277525 1.223973 0.806313 1.346678 -1.121848 0.198229 -0.531553 0.372530 -0.868942 -0.269004 0.379442 0.343871 1.685514 -0.265354 0.085374 0.337928 -2.644472 -0.713602
ArrayCreator 0.690614 1.040099 -0.151835 0.037139 -0.222557 -1.289579 0.833067 0.820067 -0.147470 0.064400 0.444259 0.861159 0.026823 -0.009501 -1.308588 -0.054489 0.534227 -0.463275 0.033330 -0.646915 -2.099592 -0.814778 0.453506 0.012498 -0.217174 -0.328923 -0.770953 -0.894170 0.045224 -1.048032 -0.281180 0.225157 0.544355 0.074367 0.734446 -0.024847 -0.602510 -0.045524 0.197592 0.231345
>= 0.696742 0.461809 -0.249690 -0.540320 -0.604018 -0.579217 0.293274 0.284361 1.237423 0.513085 -0.214436 -1.042281 -0.053995 -0.005835 -0.482916 -0.657206 -1.578794 0.140241 -0.790412 -0.118233 0.001202 -0.365255 0.463953 -0.484146 0.342021 -1.105122 0.351567 -0.727167 0.107002 0.033880 0.783954 -0.749066 -0.511347 1.684589 1.429741 0.032992 0.023769 -0.170478 1.205981 -1.036766
/ -1.041691 0.598642 -0.639348 0.062101 -1.376113 -0.065520 0.710669 -1.503040 0.296650 0.593106 -0.308359 1.472922 0.778206 -0.972807 -1.378246 1.236239 -0.434600 -0.473403 0.355096 1.130923 -0.074509 -1.368080 0.175383 -1.139565 -0.240434 -0.606072 0.833402 0.811765 0.593352 0.197543 1.368785 -0.124018 -1.623854 0.797993 -0.153766 1.738902 0.357841 -1.717411 0.980414 -1.592657
<= -0.209056 -1.162230 0.307883 -0.844290 -1.044446 -0.865996 1.712894 -0.666344 1.093611 0.020729 -0.876456 -0.019005 0.397783 -0.236605 -0.988417 -0.435716 -1.556795 0.489335 -0.428763 0.739237 0.440468 -0.033271 -0.038314 -1.253102 -0.097657 -1.624151 -0.474243 -1.259784 -1.579547 -0.885154 0.744629 -0.843742 -1.193492 1.150358 0.115896 -1.361902 -0.519325 -0.825314 1.246882 -0.097825
& -0.698382 -0.285471 -0.055981 -1.037249 -0.521129 -1.741369 -0.443542 0.068327 -0.324042 -0.851913 0.741031 -0.202060 -0.464976 1.617180 0.388635 -1.206833 -0.287523 1.145166 0.093621 0.000811 1.221930 1.320956 1.165081 -0.397039 -1.344975 0.919901 -1.250353 0.080205 0.471613 1.490828 -0.823909 -0.440107 -1.431801 -0.087114 -1.009908 0.216081 0.718422 0.152795 -0.552262 0.237327
Annotation 0.107824 -0.651639 0.164353 -0.651941 0.994882 0.862964 -0.077243 0.320254 0.292766 -0.029071 -0.118155 0.003489 0.718790 -0.491613 0.016193 -0.061317 0.560425 -0.460376 -0.323516 0.627708 0.069686 0.456016 -1.099019 -0.192659 1.409849 -0.613566 -0.001858 0.491317 0.190711 -0.081268 -0.130544 0.953185 0.035996 0.293927 -0.679209 -0.887480 0.410293 -0.426522 -2.211983 0.038038
* 0.034912 0.357095 -1.676442 -0.943676 -0.812342 -1.003048 0.238141 -0.309070 -0.116479 1.492831 0.317117 -0.206016 0.922569 -0.161985 -1.497468 0.918293 -0.383379 -1.199109 -0.172988 1.022463 -1.092280 -0.967973 -0.500643 -0.619335 1.289081 -0.453908 1.042272 0.153368 1.686009 0.281466 -0.064428 0.146210 -1.389629 0.134008 -0.001243 1.045910 0.328681 -1.844558 0.773464 -0.520788
ClassReference 0.031349 -0.006435 -0.421667 -0.264381 0.993639 -1.563260 0.532300 0.186108 -0.866205 -0.762687 0.240668 -1.919944 -0.099381 -0.159196 0.619318 -0.179323 0.234309 0.397083 -0.261634 -1.351568 0.631980 1.467874 0.705653 -0.083956 -0.449106 0.755209 -0.571236 -1.170462 1.184627 -0.003143 -1.570130 0.710740 0.515338 0.184860 -0.082485 -0.197399 0.636189 0.268069 -0.300989 0.728821
<< 0.170767 1.723822 0.244618 -0.462331 1.191069 -0.498704 0.000592 0.061325 -0.618391 -0.179689 0.497669 -0.731157 1.073153 -0.781109 -0.300407 -1.146657 1.571476 -0.006003 0.548626 -2.055195 0.668559 0.104772 0.020037 -1.253614 -2.135490 0.159966 -0.427063 1.133368 1.293905 0.899702 -0.383424 1.343843 0.581687 0.874733 0.212995 1.701855 0.299283 -1.341266 -0.221831 -0.781577
SuperConstructorInvocation 1.913344 1.050752 -0.118676 -1.163376 0.695043 1.137402 -1.275673 0.152111 -0.344298 1.152281 1.388947 0.007189 0.549805 -1.349061 0.070752 -0.033717 0.513412 -1.188225 -0.599305 0.016771 -1.339494 -0.604480 -1.306755 -0.094517 1.312774 -0.239212 0.062535 0.772781 0.396008 0.617920 -1.115240 1.440429 -0.346404 -0.486902 -0.039731 -0.058475 0.071364 1.052796 -1.156655 -0.492620
SuperMethodInvocation 0.117307 -1.659245 0.383366 0.463144 0.941655 0.057868 0.409598 0.148144 -0.564508 -0.873447 -0.346944 -0.928114 0.389370 -1.144672 0.010872 -0.006363 0.792502 -0.936885 -0.613330 0.301529 0.199187 0.475696 -0.269267 -0.873577 0.548700 0.083516 -0.209385 -0.965272 -0.641492 -1.199618 0.165002 1.097251 -0.590306 -0.028404 -0.984526 -0.829435 0.620935 0.197383 -1.453883 -0.758508
-- -0.198666 0.693088 -0.291398 -0.382904 -0.761748 -1.090973 0.624422 -0.225313 0.013023 0.209916 -0.565971 -0.445399 0.640853 0.195447 -0.323661 0.001869 -0.821369 -0.368834 -0.608586 -0.533622 -0.171934 0.322383 0.609251 -0.102180 -0.243509 -0.307624 0.193155 0.001393 -0.094590 0.206762 -0.062642 -1.372801 -0.078654 1.013433 0.809707 0.267336 -0.049894 0.109783 0.568273 -1.361990
ArrayInitializer 0.643120 0.179460 -0.463142 0.133629 0.773390 -1.877796 0.165947 0.615014 -0.820858 0.109095 0.576086 0.902014 0.342264 -0.704652 -0.724453 1.112151 1.276530 -0.205185 0.242201 -0.109019 -1.835904 0.276272 0.854648 0.242967 0.427356 -0.152389 -0.756273 -0.779550 0.966998 -0.463651 -0.979703 0.716910 0.318725 0.104951 1.220989 0.144584 -0.037218 -0.673636 0.350128 0.622711
ContinueStatement -0.246431 -0.115247 -0.859283 -0.977208 1.062071 -0.317146 -0.120709 -1.795318 0.160629 0.247983 -1.935231 0.371172 0.705032 -0.063658 1.568950 1.126509 -1.226912 1.027048 0.303915 -1.457033 0.692337 -0.038148 -0.639696 0.704629 -0.195807 -0.414407 0.248713 0.568371 0.451723 0.108522 -0.768903 0.303771 0.709826 -0.613717 -0.059424 -0.572466 0.486863 -0.988406 0.267317 0.347263
ConstantDeclaration -1.195315 2.560712 0.889329 0.059801 0.018896 -0.358250 0.569966 1.146361 -1.282883 -0.605451 0.572539 2.908410 -0.013256 -0.113091 -1.427755 -0.615203 1.076323 -0.697877 1.401274 -0.596474 -0.987576 -1.445083 0.164574 0.238683 -1.672262 2.472241 -1.276891 0.922262 0.748938 0.108794 -0.542137 0.843189 0.329579 -1.266938 -0.786664 0.453418 1.415373 -0.333247 -3.080940 -0.053932
-= 1.192078 1.726991 -0.682088 -0.480516 0.765903 -0.166174 -0.800712 -0.559810 1.224473 -1.199259 -0.061767 0.411198 -0.149218 1.476858 0.765973 -0.922984 -0.417129 -0.761190 -1.030618 -0.440461 -0.422105 0.108971 -1.816728 -0.494546 -0.041508 0.057967 0.218453 -0.171095 -2.230143 0.231295 -0.594825 -1.380756 -1.136648 0.124991 1.235813 -0.301248 0.004591 0.984486 0.817490 0.124580
ExplicitConstructorInvocation 1.792671 0.827827 0.565319 1.226208 0.642960 1.535260 -0.879327 -0.019684 0.486189 -1.098455 0.133635 0.660880 -0.145728 -1.664811 0.192725 0.299306 1.228762 -0.128570 -0.787672 -0.820222 -0.361148 -1.354497 -0.105298 -0.831050 -0.924840 0.874034 -1.124425 1.006179 -0.563637 -0.742146 -0.516649 1.173284 0.216740 -0.276354 -0.502169 0.770929 -0.290531 2.344333 -1.750772 0.654859
| 2.316927 -0.954001 1.412644 1.086357 -0.142480 -0.104890 -1.880843 0.789412 -0.968371 0.387549 1.349406 -1.032516 0.393012 -0.744030 -0.494703 -2.427100 -0.868921 0.354358 1.860966 -0.108187 -0.699962 0.837405 -0.313885 -0.322195 -1.057744 1.596570 -1.208181 0.055580 1.710805 1.407055 -0.966494 1.043788 -0.207428 -0.379566 -2.035942 0.323817 -0.288603 0.362101 0.319949 0.806965
EnhancedForControl -0.846942 0.149438 0.258527 0.449276 -0.128198 -0.916820 1.672389 -1.041669 -0.297627 -0.071822 -0.761111 1.462524 -0.384215 0.392970 0.823011 0.505325 0.657159 0.389694 0.209312 -0.975865 0.324272 0.421031 -0.255290 -0.194854 -1.409501 -0.300636 -1.557162 -0.566987 -2.370610 -1.452933 -0.633659 -0.561134 -0.204866 0.310910 -0.610205 -1.007154 0.015641 -0.066750 -0.668549 0.431699
% -1.837711 0.527940 -0.943866 0.200573 -0.726292 -0.175060 1.071702 -0.718556 0.112013 0.510570 0.306794 0.860240 0.578151 0.867615 -0.283708 0.872716 0.702395 -0.641872 0.711450 1.231397 1.034660 1.651767 0.476148 -0.918200 -0.082756 -1.051067 1.063405 1.089430 0.538281 0.716185 0.241156 -0.968983 -0.509302 1.084345 -0.311681 1.075108 -0.397736 -0.564866 1.273374 -0.758518
SynchronizedStatement 0.499597 0.221753 -0.122322 -0.101014 1.202918 -0.445280 -0.093749 0.382051 -0.366515 0.038996 -0.378731 0.377588 1.173452 0.433035 0.558814 -0.736687 0.429941 -0.613905 0.265677 -1.364036 -0.425568 1.385430 -1.054247 1.002594 0.088330 -0.362087 -0.157215 0.165625 -1.088115 0.300968 -0.985882 -0.082195 0.928409 0.820838 0.214998 -0.659169 -1.266958 -0.622183 -0.189886 -0.350582
&= 3.013647 -1.825829 -1.996761 1.489213 -0.512344 -1.140525 -2.181119 0.133060 0.899877 -0.277623 -0.339341 -1.040230 0.987103 1.468309 -0.191109 -0.273243 -0.122033 0.688182 0.387885 -1.186225 -2.033063 -0.842498 0.499931 0.769920 -0.242852 1.375819 -0.580153 0.590251 0.837474 -0.241542 -0.598337 0.621394 -0.821510 0.125079 -1.601515 1.503650 0.252103 0.318444 -0.349052 0.809422
~ 0.029568 -0.116524 0.190535 -0.279754 -0.346311 -0.150734 -0.243340 -0.176032 0.538675 0.049669 -0.195073 -0.401372 0.125596 1.013042 -0.157186 -0.458257 -0.565371 0.946946 -0.057180 0.430286 -0.102035 -0.017066 0.218673 -0.662517 -0.240846 -0.311568 -0.206146 0.172103 0.624287 0.859576 0.031159 0.053467 -0.619261 -0.059432 0.125130 -0.212790 0.048084 0.548713 0.619592 -0.668284
InterfaceDeclaration -0.950235 -0.230059 -0.851895 -1.310320 0.933969 0.076478 -0.759997 1.985326 0.245102 -0.108554 1.434111 0.173117 -0.602436 0.685122 0.529203 -0.486867 3.008343 -0.461874 -0.028592 -0.719394 0.552343 0.155345 -0.059581 0.849792 0.239558 1.341572 -0.624584 0.776511 -0.854473 -0.017681 -0.633813 0.285624 -0.016518 0.202688 -0.146053 0.061030 0.350452 0.461126 -3.259438 0.004952
EnumConstantDeclaration 0.508331 0.604420 0.254981 -0.203536 0.051822 1.063936 0.114167 1.251826 0.259563 0.034397 0.410443 1.942758 0.007202 -0.154907 -1.951611 -0.354406 -0.399416 -1.008945 1.388043 -0.045699 -0.232018 -1.081770 0.223347 -0.591517 -1.374216 1.056795 -1.771123 0.262588 0.007021 -1.392380 -0.008123 0.390054 -0.186855 0.582108 -1.178336 0.430705 0.148265 -0.536703 -3.265520 0.941477
|= -0.590340 -0.114071 0.175613 0.855288 0.064776 0.395981 -1.217329 -1.186331 -0.459963 0.555844 -1.124787 -0.889667 -0.141837 1.572209 1.732689 -0.199104 1.338435 0.488767 -0.780813 -0.894046 0.434598 -1.212494 -1.327183 -0.118532 -1.982766 1.027463 -0.301747 0.977752 -0.706519 0.956115 -0.438559 0.223933 0.075436 -2.286980 -1.156957 0.425563 0.346660 1.190246 0.127939 -0.671234
>>> 0.556666 1.674234 -0.077644 -1.390092 -1.587026 0.778153 -0.380995 -1.979980 1.660636 1.162198 1.246226 0.660123 -0.223198 0.237146 0.513567 -1.170210 -1.965582 1.223833 0.666296 1.128199 -0.122205 -1.301334 -1.144369 -1.428046 -0.325761 -0.034304 -0.132603 1.595713 0.585951 1.610861 0.070392 0.692500 -1.591376 -0.751071 -1.881435 -0.549487 0.819556 0.893460 0.159470 0.019141
>> -0.197295 0.811542 0.623165 -0.367503 -1.044413 -1.000925 -0.214446 -0.538597 -0.259912 0.597944 1.045392 -0.272738 -0.106897 0.352192 -0.281270 -0.933225 -0.554024 1.339262 0.804850 -0.265563 -0.542389 -1.105073 0.396728 -1.130238 -1.478379 0.276354 -0.872349 0.247815 1.490380 1.267945 0.154505 0.896925 -1.028767 -0.532926 -0.272156 0.582124 0.922892 -0.517531 -0.106231 -0.237499
EnumBody 0.204722 0.927974 -0.264505 0.139565 -0.252647 0.582405 -0.201858 0.659914 -0.168264 0.543196 0.353368 1.713921 0.213625 -0.011217 -1.377327 -0.341601 0.136941 -0.809633 1.238132 -0.721635 -0.582053 -1.219588 -0.432680 -0.411596 -1.391013 1.854482 -1.525014 1.040704 0.118887 -0.997726 -0.744365 0.219429 -0.444114 0.557109 -1.651549 0.886916 0.644554 -0.649996 -3.239163 0.619239
EnumDeclaration 0.075714 1.027122 -0.403397 0.079826 -0.007560 0.438253 -0.327358 0.828580 -0.324097 0.477126 0.436265 1.469968 0.200958 0.362017 -1.412908 -0.525125 0.338889 -0.539478 1.281253 -0.796499 -0.655729 -1.030329 -0.448357 -0.394759 -1.630555 1.983644 -1.381881 1.013068 0.403269 -0.735713 -0.707528 0.329150 -0.411406 0.274797 -1.533573 0.962180 0.694183 -0.689438 -3.106934 0.466981
/= -1.654641 -0.437582 0.499801 -0.260511 -0.366825 1.383253 -0.324274 -0.090766 0.962764 1.396301 -0.235129 0.014085 -0.106651 1.583200 0.088811 -1.320646 0.146330 1.866676 0.196841 -0.675092 1.039826 -1.218567 -2.227477 -0.001894 -2.013326 0.406573 0.159618 0.390770 -1.446049 0.495789 0.833307 0.584633 -0.255506 -1.107258 -0.947604 0.217426 -0.963035 0.189333 0.787560 0.774383
^ 0.239649 -1.874936 -0.166978 -0.897876 -0.054623 0.369155 -1.388387 0.600642 1.329600 -0.119304 1.049419 -0.450599 -0.536953 0.540639 -1.176709 0.090353 -0.731723 2.381437 -0.342905 1.147419 0.855918 0.083167 -0.108313 -0.707900 0.069995 0.625452 -1.342502 -0.339981 -0.217886 -0.004258 0.177762 -0.114395 -2.645769 1.378488 0.423852 -0.228353 0.785186 -1.027639 -0.347099 1.674188
DoStatement -0.221678 0.896549 -1.057379 -0.737288 -0.775732 -0.877434 0.178868 -0.331610 0.115668 1.669018 0.166039 0.141585 0.678519 0.920325 -0.635715 -0.445119 -0.562306 0.147256 0.707431 -0.466418 0.182887 -0.292797 -0.223771 0.436595 -1.301670 0.336714 -0.528996 0.775737 0.054368 0.239042 -0.692039 -1.876063 0.239106 0.606556 -0.532328 0.504573 -0.471771 -0.375144 -0.148185 0.979929
TypeParameter -0.080453 1.574739 0.618535 -1.226099 1.088936 -0.214058 0.728981 -0.456240 -1.029755 1.032490 0.771899 1.313938 -0.376457 -0.898092 -0.166691 -0.214616 0.666072 0.127950 1.095397 -0.411269 0.279616 0.361873 -0.645452 -0.675483 -1.825096 -0.391323 -2.022673 0.122221 -0.661736 -0.154805 -1.397412 0.114745 0.043609 -0.009280 0.423684 -0.411548 0.229582 -0.844152 -1.801675 1.615999
AssertStatement 1.115859 -0.655905 -0.696001 -1.702076 0.197111 0.240838 -0.484365 -0.361929 0.632494 0.875323 0.214155 -0.109955 0.531152 -1.728017 -0.601520 0.320197 0.616432 -0.615169 0.306774 -0.265598 0.808805 -0.485111 0.014581 -1.150749 -0.487813 -0.184456 -0.913408 0.678962 0.138295 -0.412782 -0.564556 0.748739 -0.791990 0.913209 -1.253013 0.575106 -0.365851 -0.684077 -1.118087 1.587588
*= 0.497771 -0.256295 0.016308 0.462303 0.503491 0.816320 -1.265858 -0.410644 0.046095 0.049424 0.150934 -0.704358 -0.298176 0.603838 0.780941 0.365270 -0.095810 1.137077 -0.309022 0.015684 -0.195915 0.461208 -0.572779 -0.099656 0.057054 0.721782 -0.148997 0.137450 0.221305 0.362214 -0.893119 0.491315 -0.637804 -0.677109 -0.017509 -0.276926 0.689818 1.056448 -0.568378 0.301941
AnnotationDeclaration 0.945798 0.078585 -1.055868 -1.428766 1.026777 0.184940 -1.109848 -0.473943 0.310539 0.573243 1.228665 0.619878 0.288605 0.718047 0.200787 -0.914528 0.428214 0.147767 1.167540 0.232671 -0.175627 0.290076 -0.923202 -1.343276 -1.246801 0.762492 -1.624337 0.954712 0.146521 0.725663 -1.602131 1.212941 -1.642160 -0.034696 -1.958807 0.218367 1.488502 -1.143882 -2.796375 0.964382
AnnotationMethod 0.656232 -0.327530 -0.969004 -0.864501 0.494193 -0.140873 -0.625332 0.115444 0.307240 0.355539 0.934485 0.648399 0.369708 0.479964 -0.070183 -0.704784 0.801230 -0.156736 0.814844 -0.107174 -0.659113 -0.325371 -0.571561 -0.504584 -0.509687 0.598008 -1.023528 0.590325 -0.039795 0.047139 -0.739226 1.458360 -1.088259 0.093681 -1.881610 0.219881 0.939165 -0.877035 -2.419988 0.459051
%= 0.497155 0.670132 -0.876122 -0.238437 0.176938 0.010900 0.097682 -1.366497 0.781356 -0.125943 -0.046602 0.248279 -0.037782 0.458594 0.857394 -0.001033 -0.106243 -0.238826 0.050695 -0.186393 -0.159118 -0.257771 -1.089140 -0.605116 -0.102618 -0.449328 0.283970 -0.145150 -0.626029 -0.133685 -0.448646 0.115666 -0.701270 -0.412662 -0.411602 -0.232013 0.148104 0.435998 0.486952 0.551573
^= -0.517679 -0.152946 0.207756 0.032034 0.010257 0.482454 -0.692890 -0.216240 -0.032834 0.512834 -0.329235 -0.247879 -0.245025 1.497918 0.508176 -0.250313 -0.008185 0.398416 0.033049 0.271319 0.151768 -0.204011 -0.660899 -0.201531 -0.909756 0.593536 -0.381144 0.475475 -0.119845 0.725721 -0.465641 -0.144363 -0.342309 -1.089526 -0.783855 -0.062078 0.497928 0.706299 -0.717811 -0.331342
<unk> 0.017781 0.055080 0.003309 -0.043308 0.013974 -0.016775 -0.011169 -0.020910 -0.001379 0.013358 0.037001 0.019438 0.014580 -0.018180 0.018937 -0.030498 -0.002354 -0.022003 -0.005808 -0.035311 0.012193 0.008400 -0.046699 -0.020347 -0.004713 0.011311 -0.001928 0.006551 -0.022369 0.004878 -0.031090 -0.008296 -0.006601 0.031686 0.013209 -0.009898 0.008924 -0.015546 -0.023456 0.003202
