MemberReference -0.091687 0.388925 0.185566 0.058895 0.175427 0.257361 0.112939 -0.209625 0.025336 -0.234858 -0.163127 -0.154196 -0.158366 -0.205079 0.277303 -0.123899 -0.382922 -0.067505 0.181920 -0.197296 0.493220 0.397125 0.174579 0.083344 0.019580 0.152218 0.070654 -0.067017 0.451965 0.113195 0.260933 0.133195 -0.171416 0.005541 0.014116 0.123546 -0.096617 -0.440507 -0.269675 0.093544
MethodInvocation -0.422191 0.078717 0.777975 -0.235697 0.031007 0.016032 -0.343567 0.088010 0.088126 -0.171334 -0.155115 -0.563955 0.931586 -0.115534 0.224314 0.292694 -0.417244 0.141784 0.300059 -0.467139 -0.012384 -0.454973 -0.250615 -0.343284 0.101982 0.519034 0.012933 -0.288030 0.230582 0.185992 0.431646 -1.223893 -0.365811 -0.440868 -0.393499 -1.010164 -0.325728 0.025200 -0.381590 -0.184724
Literal -0.335695 -0.016328 0.475088 -0.170392 -0.605446 -0.353983 -0.235579 -0.492428 -0.215466 0.470190 -0.392097 -0.266162 0.246439 -0.070877 0.279385 0.600620 0.340709 -0.217361 0.536338 0.054629 -0.542086 -0.019674 -0.194789 0.024487 -0.210357 -0.229637 -0.166580 0.191287 0.246130 -0.556572 0.598782 -0.424483 -0.046785 -0.095977 -0.048996 -0.007216 -0.351272 0.155082 -0.035819 -0.505468
StatementExpression -0.144672 0.488855 0.082883 0.271904 0.131335 0.053713 0.097487 -0.576358 0.134709 -0.045203 -0.099390 -0.607413 0.338200 0.744813 0.065181 0.564754 -0.825965 0.690005 0.380432 -0.278115 0.417888 0.078245 -0.008720 0.017868 -0.021918 0.295651 0.321449 0.289140 0.416138 0.364758 -0.171263 -0.758080 -0.197104 -0.554866 0.553726 -0.366845 -0.573392 -0.156061 -0.556016 -0.003735
ReferenceType -0.696419 -0.009185 0.328460 0.163244 -0.219847 -0.666181 0.013962 -0.159809 0.909554 -0.291866 0.354275 -0.424399 0.542928 -0.100920 1.265535 -0.501145 -0.364525 0.843754 -0.108489 0.812133 -0.066838 0.078114 -0.903355 -0.206579 0.163778 -0.431915 0.522886 -0.640811 -0.129760 0.017682 -0.752579 0.031513 -0.166735 0.168273 -0.546732 -1.572475 0.441467 0.574872 -0.238858 0.684854
BinaryOperation -0.635343 -0.203635 0.348679 -0.278661 0.100179 0.007654 -1.082661 0.718640 -0.221432 0.240907 -0.545088 0.291514 -0.239510 -0.945103 0.037487 -0.516256 0.421873 -0.919625 0.515693 -0.869135 -0.324040 0.433058 -0.152572 0.373511 -0.350535 0.851010 -0.285243 -0.657166 -0.271076 -0.535008 1.038387 0.608979 0.392890 -0.009761 -0.033391 0.358461 0.201948 -0.485084 -0.512344 -0.049869
VariableDeclarator 0.100488 -0.722788 -0.126849 -0.140386 -0.440140 -0.764626 -0.144863 0.933697 -0.251416 0.589718 -0.289473 -0.381278 0.365252 0.093569 0.974936 0.214186 0.895668 0.373750 0.372226 0.772860 0.161475 -0.757470 -0.617005 -0.736217 0.542872 -0.265584 -0.359840 -0.727018 -0.064933 -0.055486 -0.569732 0.424835 0.179042 -0.296308 -0.498517 -1.208916 0.607862 0.654094 0.028105 -0.310824
IfStatement -0.306632 1.251818 0.412924 -0.008636 -0.297625 -0.313469 -0.542935 0.251515 -0.018985 -0.520981 -0.053529 -0.049759 -0.096482 -0.045139 0.344243 -0.484318 0.001633 0.056975 -0.447338 -1.186482 -0.269883 0.269228 -0.290926 0.341131 0.402345 -0.227244 -0.480373 -0.196367 0.324314 -0.615005 0.682271 -0.984048 0.204051 -0.124784 0.335200 -0.225071 0.231980 -0.142306 -0.452524 0.011867
Assignment 0.621172 0.323112 -0.034495 0.109931 0.155875 -0.093052 0.300751 -0.363020 0.158451 -0.149724 -0.099653 -0.576281 -0.902456 0.379017 0.085653 0.226784 -0.489277 0.445263 0.460083 -0.308078 0.809731 0.092526 0.397971 0.387378 0.414307 -0.178709 -0.349905 0.585351 0.321846 0.558785 -0.071156 -0.417875 -0.264952 -0.860772 0.818942 0.594482 -0.107071 -0.519957 -0.655398 -0.144490
BasicType 0.522780 0.204276 -0.332249 -0.010380 -0.724088 -0.161913 0.318354 1.059963 -0.735751 0.317552 0.505561 0.135347 0.296172 -0.012568 0.374330 0.308010 0.904051 0.462069 0.188802 0.130347 -0.088132 -0.219623 -0.997643 -0.186023 0.013389 -0.823982 -0.202261 -0.211838 -0.283997 0.784835 -0.507040 0.445105 -0.500294 0.534419 -1.199102 -0.106801 0.596741 0.276663 -0.262698 -0.958576
FormalParameter -0.352840 1.373422 0.234458 0.316980 -0.015406 0.054273 0.687824 0.232795 0.515179 -0.764458 0.778611 -0.027768 0.932836 -0.616797 0.106309 -0.049113 -0.372755 0.555079 -0.415018 0.519972 -0.073983 0.701666 -1.250520 0.187437 -0.550328 -0.308969 -0.323921 0.048851 -0.428845 0.681544 -1.432311 -0.232825 -1.026560 0.660191 -1.073836 -0.799531 0.458443 -0.274572 -0.317515 -0.649936
LocalVariableDeclaration 0.200402 -0.444070 0.660820 -0.513342 -0.470687 0.105444 -0.316217 0.876394 -0.376648 0.031573 -0.223066 -0.465015 0.289421 0.169944 -0.039589 -0.570096 -0.073433 0.640611 -0.062425 0.102735 0.418319 -0.718268 -0.212443 -0.282877 0.252822 -0.339228 0.074551 -0.486057 0.332175 0.269390 -0.140845 0.012841 0.314825 -0.312742 -0.456078 -1.224029 0.337398 0.518693 -0.380879 0.139456
BlockStatement -0.293481 0.414183 0.718364 -0.018812 -0.531585 0.344250 -0.404064 0.308049 -0.318042 -0.165392 -0.491013 -0.140948 0.533512 0.551911 0.335831 -0.238026 0.023245 0.461730 -0.424754 -1.023197 0.506992 -0.036632 0.557215 -0.121294 0.468055 0.454416 -0.302503 -1.198745 0.906973 -0.510204 0.688029 -0.085118 0.300383 -0.315644 0.356534 -1.048915 0.269829 -0.189505 -0.248356 0.458004
ReturnStatement 0.384765 0.608877 0.717023 -0.241330 -1.153021 0.052713 -0.540411 -0.386639 0.315662 -0.499250 0.453216 0.228669 0.191483 -0.588396 0.303134 0.195276 0.011658 -0.532641 -0.455425 -0.111683 -0.308871 -0.501677 -0.432095 0.078723 -0.229064 -0.418049 0.025154 0.118376 0.121714 0.010555 0.248863 -0.377656 -0.762377 0.747836 0.310075 -0.311855 -0.675435 0.506743 0.062839 -0.143774
MethodDeclaration -0.013551 1.126943 0.342843 0.206788 -0.557579 -0.148277 0.189939 0.271927 0.514582 -0.875574 0.301330 0.466522 0.983200 -0.462523 0.218104 0.364883 -0.559297 0.262642 -0.485640 0.340457 0.328696 -0.053622 -0.752637 -0.254361 -0.704510 -0.138902 -0.092193 0.024757 -0.130260 -0.101071 -1.318217 -0.526370 -0.521408 0.678933 -0.171759 -1.117267 0.050464 0.489913 -0.075077 -0.383373
ClassCreator -0.540446 -0.402770 0.767243 0.445888 -0.144829 0.032587 -0.514576 -0.705490 1.124152 0.687803 -0.141084 -0.078292 -0.005425 -0.623240 0.485920 0.060275 -0.540816 0.360848 0.744454 0.882017 -0.447210 0.385829 -0.826154 0.499716 0.273372 -0.505238 0.482143 -0.141064 0.275960 0.107598 -0.392351 -0.254582 0.198460 -0.349424 -0.482249 -1.249375 -0.028817 0.286929 0.031402 1.101785
== 0.431896 0.482052 0.595470 0.185675 0.541216 -0.106733 -0.551766 0.445726 0.309353 -0.247657 0.029447 -0.945557 0.360924 -1.336039 0.260338 -0.165663 -0.185814 -0.618888 -0.531516 -0.566244 -0.689391 0.301488 0.403256 0.292170 -0.086388 0.448802 -0.850928 -0.563248 0.107571 -0.054368 0.711045 -0.764203 -0.494707 -0.513513 0.020636 -0.563456 0.165638 -0.844881 -0.540447 -0.233936
+ -0.359258 -0.053202 1.015212 0.008916 0.197860 -0.121201 -0.366543 0.347666 0.219546 -0.567736 -0.519820 0.721879 0.165020 -0.687594 0.746223 0.221857 -0.965058 -0.268925 1.912626 -0.239314 0.727170 0.256725 -0.486953 -0.199481 -0.825279 1.276755 0.616857 -0.167759 -0.333679 -0.723815 0.532340 0.348626 -0.468365 0.788219 -0.325659 -0.291871 -0.739853 -0.078402 -0.460571 0.551580
FieldDeclaration -0.154260 -0.270431 -1.445155 -0.041647 -0.132111 -1.877327 0.110250 0.242043 0.036517 -0.000287 0.050415 -0.657246 -0.180142 0.595841 1.789052 1.827325 0.991629 -0.226422 0.756271 1.843515 -0.417645 -0.885431 -1.071046 -0.846192 0.757630 0.102599 -0.300948 0.229605 -1.077291 0.030582 -1.877780 0.138609 -0.299621 0.112231 0.156053 -0.280938 0.156381 0.799976 0.558212 0.045158
!= -1.523649 0.839125 0.901310 -0.921989 -0.566290 0.373023 -0.469593 0.236649 -0.136754 -0.555609 -0.531123 -0.686412 0.258943 0.082769 -0.104061 -0.346602 -0.069739 -0.400954 0.113428 -0.476876 0.069986 -0.028105 0.165361 0.156286 0.767854 0.363878 -0.577992 -0.403802 0.189309 -0.882533 -0.002987 -0.142410 0.180248 0.504909 0.468252 -0.485586 -0.280572 -0.419252 0.123518 0.132891
This -0.341066 0.707408 -0.090858 -0.162480 0.168952 -0.296110 -0.168850 0.281203 0.824760 -0.130709 -0.394136 -0.052843 -0.875664 -0.290199 0.204179 -0.099945 -1.196485 0.209084 0.984367 0.004581 1.650844 0.152097 -1.010878 -0.155470 0.173958 -0.386297 -0.002052 0.769162 0.612492 0.462010 -1.114087 -0.350228 0.126330 -0.124662 0.142545 -0.051648 -0.488931 0.083513 -0.757026 -0.108709
SwitchStatementCase 0.528018 0.203437 0.744654 -0.047628 -0.066767 0.551993 -0.238418 -1.587657 -0.894873 -0.495454 -0.748517 -0.463653 0.049593 -0.427867 -0.325476 0.931878 0.048255 -0.831187 -0.902171 -0.054699 -1.747562 -0.145140 1.114217 0.185715 -0.630777 -0.132998 0.953651 -0.355779 -0.623021 0.045772 1.380840 -1.137182 0.160903 0.795002 0.485962 0.368289 -1.080592 -0.052525 0.553572 0.819970
Cast -0.014214 -0.038517 0.030582 0.096297 -1.282583 0.018131 -1.241514 0.282416 0.425961 0.113844 0.676097 -0.026945 -0.065505 0.071947 1.166063 -0.653702 0.258515 0.817810 -0.221726 -0.993642 -0.036129 0.322951 -0.501784 0.336748 -0.051914 -0.418190 1.077164 -0.915792 0.352063 0.632123 0.121575 1.121473 -0.204859 0.335757 -0.167807 -0.525261 0.272897 0.128764 -0.915216 0.888637
- -0.056543 0.349608 0.329206 -0.026259 -0.052960 0.213705 -0.210975 0.224702 -1.367156 0.150403 -1.535894 0.354733 -0.283048 -0.670758 0.248323 1.783942 -0.033663 -1.049962 0.258319 0.000090 0.214075 -0.313809 0.262995 -0.325580 -0.280654 0.419685 0.016727 -0.813425 0.195361 0.260829 0.038063 -0.478837 0.649188 0.471622 -0.469835 -0.144243 -0.180115 -0.124187 -0.116187 0.654165
Import 0.171735 0.296653 -1.482232 0.412399 0.148780 -0.785288 0.358039 -0.127973 0.711851 0.530963 0.271325 -0.797685 0.582060 0.777332 -1.095759 -0.125234 -0.158721 1.194336 -0.089211 1.926383 -0.642405 -0.025525 -2.249300 -0.157269 -1.203255 -0.350615 0.019949 1.338502 -1.582829 0.188562 -2.248447 -0.004590 0.701080 -0.796845 1.155747 -0.829562 -0.153350 1.604082 -0.669689 -1.692779
ArraySelector 0.787617 0.441140 0.351288 0.396634 -0.347450 0.937276 0.218118 0.629027 -0.755636 0.074869 0.135821 -0.674920 -0.159232 0.329276 0.378884 -0.125277 0.301693 -0.044793 0.470081 0.066880 -0.039724 0.407818 0.744523 0.369353 0.583021 0.404884 -0.366809 -0.406232 0.246595 -0.679099 0.381295 1.555021 -0.520787 0.609836 0.515863 0.036346 -0.254174 -0.640087 0.053837 0.539979
BreakStatement 0.416729 1.063206 0.689073 -0.086290 -0.504967 0.320223 0.143283 -1.231978 -0.669461 -1.264029 -1.563217 -0.437177 0.301161 0.252851 -0.483102 1.122769 0.382170 0.143806 -0.896046 -0.597495 -0.774745 0.205297 0.903796 -0.191894 -0.192357 -0.027546 0.210392 -0.844528 -0.638157 0.102936 0.808954 -1.509800 0.422906 0.690461 1.062076 -0.161330 -0.274685 -0.568697 1.044795 0.493126
++ 1.015577 -0.113682 0.268638 0.856853 -0.672502 1.017815 0.075628 0.555100 -0.350908 0.517686 -0.358158 -0.263773 0.339644 0.463018 -0.022318 -0.137726 0.535664 1.121784 0.331194 -0.502174 0.087783 0.632368 0.888624 0.111810 0.476752 -0.345985 -0.124853 -0.855465 0.456687 -0.232558 0.399399 0.793853 0.041428 -0.085243 0.271810 -0.571855 0.264479 -0.502641 0.343714 0.500421
&& -0.586604 0.398360 0.177449 0.130100 0.787968 0.216522 -0.974256 1.471905 0.089204 -0.025280 0.034345 0.162020 -0.195705 -1.020690 -0.283637 -1.238829 0.016613 -1.262633 -0.617771 -1.072086 -0.613574 -0.284236 0.213222 0.050885 0.986747 0.479628 -0.854507 -0.726185 -0.423825 -1.127677 0.427232 -0.657668 0.869662 -0.134753 0.232534 -0.332356 0.022616 -0.021770 0.002708 0.484326
< 0.383520 0.178000 0.612728 0.395202 -0.018402 0.569515 0.671275 0.796083 -1.229908 0.334828 -1.032524 0.268346 0.169398 0.037055 0.088399 -0.517738 0.671706 0.465159 0.224892 -0.364715 0.901494 0.238158 0.294043 -0.381002 0.083491 -0.032340 -0.579632 -1.106613 0.512526 -0.610382 0.906282 0.544968 0.796257 -0.066428 -0.411612 -0.460325 0.617453 -0.181340 0.004092 -0.399890
ThrowStatement 0.406080 0.934218 0.805440 0.373648 -0.025896 -0.209048 -1.259407 -0.713807 0.594260 -0.127752 -0.103934 0.638356 -0.804302 -0.699755 1.185063 0.149612 -0.508392 -0.479552 0.062120 -0.353865 -0.760667 0.822578 -0.981422 0.580197 0.317184 -0.210399 0.310435 0.257020 1.498693 -0.152105 0.519600 -0.768317 -0.052513 -0.324622 -0.785925 -0.667875 -0.018268 -0.250346 -0.251017 1.994852
ClassDeclaration -0.021258 0.630722 -1.082013 0.873168 0.087059 -0.838905 0.149437 0.080321 0.821694 0.159073 0.379552 -0.416636 0.460820 -0.378101 0.700389 0.782411 -0.231520 0.181980 -0.403640 1.188408 -0.133756 -0.093927 -1.147797 -0.230218 -0.764255 -0.202989 0.103330 0.291564 -0.747694 0.412971 -2.296779 -0.123012 -0.044415 -0.031526 0.603814 -0.821020 -0.370347 0.987418 -0.699699 -0.740208
TryStatement 0.403541 -0.410958 0.511622 -0.587300 -0.183927 0.236801 -0.426515 -0.130641 0.504569 0.191249 0.968446 0.689027 0.448288 0.561449 -0.014543 -0.642454 -0.251978 -0.081858 -0.269946 -0.195551 0.521750 -0.683239 0.049993 -0.321117 0.624947 0.264706 -0.433027 0.548237 1.667882 -0.002332 0.292618 -0.001333 -1.055473 -0.607358 -0.554679 -0.512434 -0.056533 0.068798 0.547456 0.136408
CatchClause 0.057124 0.581057 0.643583 -0.900231 -0.434489 -0.469505 -0.950495 -0.537363 0.667399 -1.057828 0.832179 0.650600 0.373422 0.861321 0.557410 0.631258 -0.915820 -0.193022 0.599190 -0.514004 0.159829 -0.112186 -0.065457 -0.032007 0.608553 0.608936 0.183223 1.412846 1.700861 -0.417937 -0.055054 -1.232696 -1.234856 -0.214545 -0.469948 -0.245034 -0.551050 -0.151593 0.558190 1.369364
CatchClauseParameter -0.227454 0.316869 0.619300 -0.859575 -0.422701 -0.300213 -0.933178 -0.545083 0.681494 -0.974564 0.744061 0.578558 0.466562 0.653236 0.505962 0.765844 -0.972550 -0.208322 0.409797 -0.617395 -0.012893 -0.309700 -0.165454 -0.031537 0.746880 0.712994 0.201393 1.356574 1.690421 -0.685115 -0.041274 -1.242572 -1.015694 -0.186066 -0.644208 -0.492161 -0.270732 -0.053235 0.452366 1.560468
ForControl 0.223607 -0.689013 0.947187 0.124911 -0.823634 0.569954 1.069758 0.673116 -0.904754 0.563540 -0.815613 0.283959 0.386253 0.129177 0.125239 -0.185383 0.565923 1.009131 0.991483 0.204342 1.090110 -0.085645 0.392413 -0.377009 0.429208 -1.104317 -0.512177 -0.866449 0.419476 -0.421781 0.730054 0.748676 0.234727 0.138874 -0.956628 -0.603655 0.728603 0.069149 0.154274 -0.699997
ForStatement 0.276587 -0.712242 1.092892 -0.084531 -0.774841 0.581409 0.983340 0.676369 -0.787154 0.344881 -0.736069 0.183642 0.338384 0.017052 0.220475 -0.244109 0.644605 0.909186 0.910601 0.136070 1.112586 -0.106006 0.613994 -0.362714 0.586750 -1.185019 -0.526776 -0.930537 0.435153 -0.187870 0.697319 0.578032 -0.017332 0.150713 -1.105499 -0.378122 0.740194 -0.141636 0.224990 -0.551510
! 0.544098 0.610245 0.493565 -0.184962 0.397376 0.600492 -0.490352 0.838691 -0.033854 -0.330724 0.146042 0.401807 -0.044745 0.544215 -1.076696 -1.000522 -0.151927 -0.077476 -0.138055 -0.579134 -0.039010 -0.686238 -0.805125 -0.393315 1.328935 0.408627 -0.304557 0.249900 0.389111 -0.368122 0.413445 -1.108223 0.329702 0.037864 0.013557 -0.780495 -0.564889 0.366270 1.078757 0.837109
VariableDeclaration 0.316039 -0.677469 0.912471 0.288012 -0.742384 0.687092 1.122213 0.633161 -0.828202 0.527156 -0.653661 0.121259 0.468628 -0.003850 -0.135190 -0.235681 0.583986 1.091289 0.826277 0.184726 1.029320 -0.073772 0.400872 -0.383082 0.188186 -1.058352 -0.507316 -0.965454 0.193945 -0.454215 0.695652 0.817315 0.212679 0.167080 -0.867468 -0.563154 0.884282 -0.067807 -0.004201 -0.772449
ConstructorDeclaration -0.734142 1.021944 -1.102178 1.246615 0.450804 -0.909186 0.649665 -0.356548 0.675985 0.805990 0.360544 -1.286834 0.556497 0.081660 1.238570 1.313548 -0.387531 0.599090 0.562317 1.592322 -0.486785 1.048695 -1.392521 0.069140 -0.748346 0.054452 -0.125010 0.497660 -0.280098 0.601030 -2.090253 0.093205 -0.550415 -0.476233 -0.067648 -0.742541 -0.144192 0.098438 -1.239746 -0.973223
instanceof -0.082569 0.821451 -0.070527 0.055284 0.335592 -0.888832 -1.189182 -0.295549 1.043568 -0.694259 0.266164 0.107639 -0.163878 0.109859 0.942665 -1.999353 0.075557 0.330135 -1.182844 -0.844515 -0.176633 0.884856 -1.677791 -0.020020 -0.120364 0.477817 0.715966 -0.624836 0.653364 -0.150564 0.855299 0.206048 0.582603 -0.436133 0.352900 -0.791094 0.450924 0.406415 -0.387132 0.734835
|| 0.000283 1.455827 0.617370 0.031888 1.195384 -0.213218 -0.564628 0.584891 -0.355354 -0.254411 -0.584615 -0.313688 -0.571184 -0.974353 0.208962 -1.589978 0.213285 -1.317418 -0.963599 -0.551268 -0.404437 0.039520 -1.218577 -0.041580 0.359366 0.886399 -1.023782 -0.944875 -0.113694 -0.531737 1.209357 -0.746110 0.803897 -0.297519 0.586532 -0.545804 -0.043217 -0.017260 -0.308328 -0.368643
TernaryExpression 0.756489 -0.308283 0.353983 -0.323195 0.480593 -0.223641 -0.424262 -0.595144 0.602606 -0.337143 -0.803290 -0.770111 0.552384 -1.684014 0.598301 0.160522 0.442604 -1.265599 -0.825472 -0.106873 0.276492 -0.135582 0.699460 -0.776746 -0.888141 0.905384 -0.677736 -1.000628 0.296050 0.799758 0.761710 0.137158 -0.781046 -0.561580 0.374185 -0.571713 -0.269728 -0.958144 0.008947 -0.967526
ArrayCreator -0.403967 -1.029835 0.660823 -0.764756 -0.102075 -0.688984 0.736372 0.108643 -0.434999 0.036423 0.801682 -0.454789 0.181114 0.640351 1.328010 -0.582248 -0.254149 0.460693 0.809876 0.594648 0.873838 -1.178863 -0.495696 -0.721635 0.309424 -0.289008 0.219272 0.315400 0.435177 0.020212 0.772530 0.224856 -0.673068 -0.206683 -1.304774 -0.312576 -0.041096 0.872919 -0.765155 -0.679163
& -0.882954 0.088896 0.717180 -1.714746 -1.312793 0.713714 -0.932498 -0.295021 0.019566 -0.624893 -0.521873 -0.431673 -0.001532 0.013082 -1.480186 -0.048827 1.036453 -0.795530 0.482302 -0.744428 -0.918010 0.600154 0.776322 0.628430 0.601946 0.092675 -0.685304 0.482228 -0.129392 -0.794026 0.577900 0.445017 -0.434090 0.936482 0.569791 1.117346 -0.147911 -1.535094 1.473623 0.135943
WhileStatement -0.088277 -0.427464 -0.072863 -0.046730 -0.350604 0.232427 -0.519053 0.223436 0.042586 0.025143 -0.403140 0.231817 0.464433 0.177029 -0.494808 -0.037625 0.145932 0.070118 -1.074872 -0.605931 0.506389 -1.062779 1.227346 -0.442893 0.065335 0.394298 -0.046845 -1.039581 0.156382 -0.171991 -0.240286 -0.046140 0.687137 -0.304824 1.000309 -0.897903 0.120954 0.176235 0.344023 0.583200
PackageDeclaration 0.364775 0.496897 -1.952705 0.999435 0.694234 -1.376395 1.063720 -0.059579 0.832555 0.777649 0.495744 0.553076 0.113895 0.412111 -0.538837 0.087768 0.192797 0.396059 -1.223172 1.951730 -0.055577 -0.172264 -2.046150 -0.541223 -0.762004 -0.655843 -0.419131 0.835673 -1.122857 0.373791 -2.660281 -0.130018 0.901339 -0.493191 0.635286 -0.710091 0.323534 1.585306 0.071446 -1.374654
> -0.509283 0.146572 0.284672 -0.109060 -0.243534 0.266653 -0.533860 0.264028 -0.274650 0.023235 -1.247238 0.370295 -0.279470 -0.754172 -0.470305 0.078839 0.190419 -0.349654 0.017565 -1.187060 0.520260 0.347387 0.951790 0.169390 -0.100460 -0.278490 -0.446326 -0.579647 0.228085 -0.266644 0.332441 -0.497971 0.985510 -0.321519 0.401728 0.430513 0.257293 -0.625737 -0.245940 -0.048782
SwitchStatement 0.848601 -0.158774 0.371176 -0.480996 -0.348921 0.667211 -0.316088 -1.143286 -0.775634 0.124151 -0.700971 -0.678830 1.112985 0.053100 -0.542818 0.808710 0.251152 -0.272156 -1.169521 0.066337 -0.328710 0.084245 0.701578 -0.597477 -1.304368 0.629666 0.467255 -0.545496 1.420790 0.509315 0.420118 0.304171 -0.130155 -0.190191 -0.203269 -0.774680 -0.443598 -0.371909 0.251849 0.032836
+= 0.491653 0.334056 0.106356 0.446019 -0.010218 0.272991 0.500385 0.282140 -0.630028 -0.407429 -1.073580 -0.391254 -1.178815 0.291697 -0.061672 0.740257 -0.292587 0.664177 1.182775 -0.611226 1.009833 0.077652 0.963865 0.346072 0.496942 0.027391 -0.212581 -0.397469 -0.992793 0.314551 0.015348 -0.269527 0.327992 0.173625 1.486812 0.759683 -0.292289 -0.615650 -0.388703 0.288310
ClassReference -1.029230 -0.844756 0.257511 -0.656973 0.940174 -0.573117 0.838487 -0.463650 0.408558 -1.045786 1.737521 -0.336130 0.901731 0.839999 1.050031 -0.557483 -1.158512 -0.468810 0.140418 0.647868 -0.232130 -0.905096 0.578558 -0.266372 0.631731 1.087740 0.451834 0.594613 0.171914 -1.450857 0.758097 -0.092796 -1.115811 0.137627 -0.649216 -0.175541 -0.148885 0.532499 0.057203 0.803632
ArrayInitializer -1.063113 -1.111122 0.343225 -1.140773 0.011219 -1.114477 -0.415454 0.154661 0.843970 0.333447 0.911459 -0.553557 0.299322 0.437417 0.812442 -0.751718 -0.532437 -0.248949 0.751949 0.879817 0.392902 -1.112729 -0.660615 -0.653239 0.883460 -0.037831 -0.271579 0.972388 1.030783 -0.530744 -0.317082 -0.152487 -0.680836 -0.938337 -1.037871 -0.701928 0.061259 0.756894 -0.237888 -0.215903
SuperConstructorInvocation -0.017722 0.171715 -0.838055 0.173926 0.401785 -0.691939 0.198363 -0.533549 0.906989 0.352657 0.242069 -0.232199 0.375169 -0.188652 -0.076114 0.298581 -0.123918 0.395901 0.292559 1.508858 0.532603 0.810526 -1.523517 -0.164891 -1.231650 -0.030399 0.059225 1.206054 0.400933 0.736831 -2.022588 0.378152 -0.211083 -1.078571 -0.483524 -0.530631 0.145441 0.250281 -0.641630 -1.199614
ConstantDeclaration 1.105693 -1.982516 -1.641718 -0.578945 0.104345 -0.223994 0.230496 0.580429 -1.641019 1.560762 -0.561322 0.382350 -1.074059 1.177742 -0.975770 0.531369 1.855368 -0.724845 0.474305 0.680673 -0.083670 -1.231795 0.723804 -0.416512 0.569639 -0.379681 -0.561152 0.578065 -0.863416 0.236969 0.312195 1.383474 1.093711 -0.440180 0.520879 2.052488 0.138081 0.609537 0.831037 -1.115243
>= -0.201981 0.253893 0.557556 0.817070 0.573419 0.553175 0.827991 0.381144 -1.089518 0.472885 -0.290870 1.206397 -0.544942 -0.816364 0.116543 -0.515093 -0.409901 -0.985286 -0.531331 -0.262491 0.711373 -0.472075 0.655710 0.106065 0.023851 -0.387170 -0.394188 -0.949460 0.087880 -0.778773 0.827678 0.084542 0.939447 0.301417 -0.141522 0.015846 0.141382 0.523047 -0.652445 -0.040302
SuperMethodInvocation 0.307344 0.729620 -0.333808 -0.294472 0.459720 -0.419397 0.261303 -0.082843 0.180660 -1.106971 0.319503 -0.401430 0.184056 0.846444 -0.069910 -0.148513 -0.178979 0.229823 -0.302528 0.428281 0.034248 -0.760060 -1.214488 -0.488353 -0.203990 1.141536 0.487680 0.084878 -1.590769 0.413379 -0.152693 -0.002422 -0.340183 0.925115 1.346516 -0.477620 -0.928130 0.810211 0.493485 -0.276498
* -0.255145 -0.629339 0.425284 -0.222008 -0.781652 -0.169237 -0.161925 0.359840 -0.880962 -0.431290 -0.370573 0.774302 -1.299276 -0.627770 0.636521 0.308684 -0.555187 -0.455817 0.591954 -0.680068 0.813688 -0.873623 0.149727 0.276579 -0.770677 -0.266188 1.370302 -0.561727 -1.340889 0.557239 0.722914 0.653577 0.368040 1.103167 0.164218 0.938427 -0.454307 0.851563 -1.571758 0.171553
| 0.313837 -1.290455 -0.949750 -0.151499 0.102815 0.241581 -0.151236 -0.283456 0.984181 0.536311 1.359621 -0.679585 -0.193143 -0.321877 -0.962686 -0.719885 1.143517 0.188163 -0.075311 -0.230931 -1.325004 1.205673 0.825754 1.268120 -0.315437 -0.286573 -0.466048 0.750970 -0.762231 0.895949 0.221007 1.278011 -1.124189 -0.643442 -0.054580 1.758834 0.833690 -1.313465 0.064169 -1.005734
<= 0.165498 -0.125577 0.467102 0.867892 0.444528 0.260410 0.456268 0.416873 0.055970 0.518601 -0.542815 0.951134 -0.898384 -1.121642 0.512981 -0.641513 -0.118502 -0.641859 0.033302 -0.499679 0.983841 -0.743517 0.566337 -0.151075 0.625922 -0.671901 -0.394612 -0.993774 -0.207859 -0.162135 1.103151 -0.168700 0.448764 0.144783 0.344988 0.104349 -0.253836 0.365634 -0.296155 -0.099435
-- -1.010505 0.228981 0.364393 0.618074 -0.140958 0.632659 0.738804 0.228010 -0.732887 0.470968 0.197903 0.404134 0.783394 0.070518 -0.233499 0.340325 -0.343506 0.100073 -0.631724 -0.818430 0.308040 0.184525 1.842573 0.444725 0.145424 -0.469946 -0.770518 -0.421147 0.802478 -0.694069 -0.019811 -0.649611 0.163065 -0.456787 -0.391672 0.027952 0.804787 -0.500418 -0.598821 -0.202188
ContinueStatement 0.516048 0.030309 0.800572 -0.366740 0.980985 0.241295 0.243528 -0.056824 -1.272231 0.095485 0.078068 -1.854837 -0.004127 1.255295 -0.144230 -1.232276 -0.210077 0.689850 -0.104632 0.047775 -1.324785 0.292797 -0.017745 -0.164004 0.431453 -0.188132 0.657155 0.332910 0.469238 -1.035243 1.863902 -0.568032 0.737335 -0.453567 -0.461566 -0.481034 -0.492120 0.043777 0.041956 0.322497
/ -0.022834 -0.796565 0.243826 -0.344905 -0.581579 0.353564 -1.439340 0.990534 -0.897675 0.237777 -1.081966 0.494561 -0.655314 -1.230783 -0.353547 0.662941 -0.002720 -0.036687 1.311342 -0.878915 0.323461 -0.531927 -0.851923 0.080125 -0.799461 0.239916 1.292723 -0.442087 -1.066502 1.550415 0.013942 -0.160831 0.823959 0.743000 -0.587015 0.381056 -0.404533 0.280949 -0.942471 0.362740
&= 1.488277 -0.023240 -0.679107 0.671044 0.651440 0.362802 0.922245 -0.649790 0.513345 -0.061413 2.437765 1.237262 -0.443157 -0.755237 -0.030795 -0.618504 0.165916 -0.908904 -0.895884 -0.791776 -0.593749 0.570110 0.728888 0.958872 -0.495121 -0.119676 -0.579458 1.679917 0.616113 0.332664 1.015808 0.342693 -1.920319 -0.497968 -0.656633 2.378332 0.551082 -0.991110 -0.125472 -0.955586
Statement 0.412173 -0.002165 -0.299337 0.155309 0.147366 -0.231772 -0.719829 -1.675771 -0.336557 -0.179806 -1.546130 -0.548459 0.746701 0.501483 0.048495 1.917911 -0.032586 -0.361393 -1.369050 -0.431987 -0.561214 0.269149 1.693720 -0.639326 -0.810598 0.956361 0.230023 -0.587416 0.976418 0.373339 0.611451 -1.403817 0.648331 -1.349725 0.941052 -0.184830 0.045097 -0.714635 0.540897 0.731692
ExplicitConstructorInvocation -1.142303 0.227363 -1.567751 0.840032 0.683175 -0.349858 1.194698 -1.496012 1.128629 0.834249 0.947156 -0.569532 0.215078 0.505323 0.053878 0.762389 -0.973260 1.862500 0.545010 0.351809 -0.603618 1.762271 -0.366719 0.841983 -0.997907 -0.375358 1.427584 0.935384 -0.417714 1.887362 -1.264247 -0.308596 -0.588544 0.152199 -0.396989 1.190746 -0.264053 -0.526902 -0.363407 -0.530784
% -0.364280 -0.563239 0.415374 -0.250714 -0.239755 0.864329 -0.691387 1.020400 -0.217149 -0.163419 -0.722675 -0.090249 -0.390322 -0.660415 -1.272614 0.652496 -0.325217 -0.296808 1.061222 -0.076157 -0.580755 0.198197 0.763704 0.780998 0.422037 0.323485 0.153434 -0.176493 -1.222793 0.008701 -0.603227 0.097033 0.434419 0.765399 -0.150441 0.168732 0.077757 -0.683261 0.583662 1.327753
<< -0.468925 -1.626345 -0.956050 -0.535350 -0.457097 0.160669 -0.261511 0.167021 -0.056634 0.758147 0.253245 -0.073312 0.013667 0.589914 -0.575222 0.083367 1.476465 -0.527109 0.934532 0.845227 -0.950041 0.246782 0.387152 0.116344 -0.085158 0.618184 -0.012005 0.519776 -1.029569 -0.686769 0.090087 2.244590 -0.274915 0.578119 0.196224 1.438228 0.005431 -0.136544 1.014183 -0.418452
SynchronizedStatement -0.869960 -0.325159 -0.148146 -0.339154 0.268491 -0.177213 0.265177 0.677351 1.217818 -0.455874 0.823451 0.352355 0.761880 -0.987055 -0.161181 -0.818246 -1.178203 -0.120288 -0.492399 -0.145033 1.431162 -0.603151 0.831729 -0.356178 -0.123777 -0.572651 -0.477907 0.247408 0.079864 -0.764174 -1.104990 -0.375347 -0.329270 -0.037417 0.083299 -0.465525 0.370815 0.219104 -0.315780 -0.987528
-= -0.194018 0.376479 -0.604722 0.079743 1.370120 -0.351595 1.367173 0.654249 -1.235791 -0.210636 -0.599341 0.007306 -1.543862 0.966792 0.313567 0.028336 -0.690332 0.329030 0.557565 -0.231760 1.193101 -0.091961 0.502563 0.072014 0.557425 0.121741 -0.103161 0.252922 0.180002 -0.094574 0.011275 -0.256833 1.072437 -0.743114 -0.092247 1.563358 0.406963 -0.367983 -0.784633 -0.031816
^ -0.085961 -0.473793 0.314127 0.459081 1.321568 0.617192 -0.715443 0.396386 0.388104 0.481804 0.705740 0.986775 -0.318694 -0.812642 -0.452106 -1.001015 -0.346648 -1.104777 -0.947613 -1.164267 -0.953943 0.255853 0.553102 0.488867 0.719111 0.514675 -0.057403 -0.207794 1.157388 -0.163681 1.689509 -0.884354 0.236008 -0.678370 -1.286278 0.280205 0.273175 -0.315134 0.319385 1.399772
>>> 1.379140 -0.477902 -1.302032 1.047712 -0.289754 0.699355 -0.244214 -0.501471 0.027074 0.963729 0.838880 0.692778 -1.914572 0.696776 -0.256071 -0.474650 0.626583 0.400814 -0.056840 -0.417918 -0.942187 1.028109 0.455399 1.172779 -0.055987 -0.939024 1.293173 0.566142 -0.313187 0.881659 0.438982 1.938618 0.209403 0.509522 0.976245 2.250952 -0.060103 -0.464752 0.266902 1.138256
|= 0.037992 -0.684875 -0.798941 -0.611022 0.835346 -0.210499 1.258533 -1.206005 -0.171115 -1.131310 -0.626092 -0.208372 -0.843458 0.967670 -1.603350 -0.390817 0.024904 0.629337 -0.845799 0.490262 0.456935 -0.373303 0.731232 -0.406278 -0.038731 -0.342829 0.725849 0.795171 -1.161083 0.752278 0.064656 -0.842573 0.725190 0.289410 0.864413 1.760851 -0.235821 0.028577 1.391456 -0.076849
>> -0.297223 -1.239467 -0.288268 -0.599611 -0.729342 1.083854 -0.434437 -0.195030 -0.423436 0.873047 0.090455 0.131184 -0.476424 0.203181 -1.195454 0.167314 0.977433 -0.442176 0.036494 0.352720 -0.836527 0.173347 0.775100 0.540381 -0.029182 -0.208122 0.380378 -0.007645 -0.580127 0.171397 -0.066479 1.634705 0.225374 0.716944 -0.124529 1.200661 -0.063358 -0.104025 0.961470 0.526333
InterfaceDeclaration 0.218581 0.150030 -1.660341 -0.033746 0.229306 -0.610791 1.056761 -0.177004 0.979703 -0.548113 1.336609 1.571857 0.574175 0.036967 -1.006370 -0.289285 0.332203 -0.441189 -1.484225 1.278409 -0.422460 -0.529991 -1.162195 -0.564036 -0.858214 -0.164716 0.250978 1.101732 -1.403030 -0.479814 -1.444060 0.038759 -0.121469 1.281510 0.212233 0.297547 0.083455 1.254137 1.268044 -0.717006
DoStatement -1.003338 -0.506343 -0.176349 -0.345304 0.418528 1.037588 0.701873 0.510950 -0.926259 0.781735 0.073456 -0.613853 0.628352 0.811450 -1.449957 -0.975046 1.226884 0.027177 -0.903760 0.247245 -0.832078 0.348727 0.544034 0.131799 0.478564 0.329702 -0.731058 -0.573933 -0.335021 -0.759420 0.068797 1.218199 0.882066 0.181547 -0.514696 0.182503 0.809773 -0.241645 1.110791 -0.472251
~ 0.609536 0.191334 -0.657116 0.355949 -0.467887 0.254055 0.393438 -0.936322 -0.265662 -0.344900 0.469114 1.848505 -0.771005 -0.193597 -0.561402 0.661750 0.473433 -1.169364 -0.513579 -0.018560 -0.439258 0.397488 0.691350 0.570758 -0.598812 -0.248375 0.619514 0.481994 -0.362937 -0.414693 0.184678 0.821856 -0.098488 1.470797 0.289160 1.961647 -0.286935 -0.388947 1.036963 0.693720
*= 0.087998 -0.276962 0.023292 0.175521 -0.035254 -0.039533 0.489721 -0.921496 0.001447 0.169789 -0.482329 0.170237 -0.901649 0.373785 -0.058273 0.699154 -0.333674 0.323359 0.836243 0.059617 0.620672 0.330000 1.034563 0.304958 -0.152644 -0.296209 0.252949 0.326135 -0.016369 -0.086767 0.177557 0.138058 0.123867 -0.181142 0.725769 1.184510 -0.359524 -0.304814 -0.157438 0.303174
^= 0.196342 -0.425695 -0.475782 -0.135989 1.092063 0.249582 0.043251 0.326201 0.142232 0.276667 0.032656 -0.076078 -0.402005 0.285416 -1.023990 -0.729101 0.111372 -0.320808 -0.510443 -0.214911 0.050712 -0.360511 0.681686 -0.153137 0.736154 0.437932 -0.490172 0.151235 -0.030190 -0.191215 -0.111838 -0.129302 0.648186 -0.588587 0.511399 0.424868 -0.120573 -0.245294 0.811001 0.396149
%= 0.772023 0.155676 -0.558936 0.039581 0.503178 0.371981 0.367436 0.065364 -0.123354 -0.433669 0.093834 0.579384 -0.858322 0.574525 -1.477936 -0.264006 -0.010461 0.173485 -0.574384 -0.291590 0.145489 -0.176859 0.366613 0.045020 0.462430 -0.123674 -0.047626 0.661075 -0.386935 0.330779 -0.286869 -0.659052 0.427515 0.071336 0.585065 0.982868 -0.119551 -0.127866 1.029296 0.494854
/= 0.402345 0.055113 0.027948 0.220846 0.205656 0.275331 0.421800 0.132256 -0.176215 -0.106145 -0.385307 0.072482 -0.517101 0.293605 -0.263958 0.220691 -0.394906 0.361510 0.597115 -0.344347 0.776694 0.145740 0.574399 0.054129 0.088495 0.079996 -0.035157 0.104562 -0.033689 0.121691 0.048318 -0.087100 0.113130 -0.148042 0.483899 0.545090 -0.173368 -0.388938 -0.134889 0.098700
<unk> 0.005268 0.014165 0.042718 -0.006884 -0.005984 0.015761 -0.003387 0.024847 -0.029320 -0.008461 -0.033201 -0.005263 -0.012129 0.001242 0.000515 -0.012720 0.000508 -0.000840 0.007517 -0.031559 0.019631 -0.010424 0.019406 -0.006740 0.029109 0.005361 -0.015937 -0.030049 0.012004 -0.031021 0.034959 -0.015898 0.026469 0.001374 0.011281 -0.018695 -0.003000 -0.012303 0.010450 0.034406
