MemberReference 0.012541 -0.238924 0.109775 0.132168 0.114450 0.263047 0.334168 0.085206 0.029861 0.569648 -0.040525 -0.173233 0.391320 0.171911 -0.135529 0.152113 -0.106610 -0.022878 -0.401899 -0.045639 -0.108316 -0.189511 0.011599 -0.392298 -0.046972 -0.130508 0.059567 0.228928 -0.336393 -0.045055 0.055647 -0.170062 -0.158062 -0.147256 -0.180771 0.590760 -0.210169 -0.348490 -0.109726 0.192119
MethodInvocation 0.144246 -0.376269 0.687149 -0.158031 0.230408 0.129280 0.409831 0.300324 -0.564674 0.066259 -0.359256 0.042094 0.231520 -0.216659 -0.290403 -0.309165 -0.240268 0.319731 -0.150006 0.224850 -0.604621 -0.048790 -0.249627 0.235718 -0.277483 0.038157 0.117976 0.294167 0.172093 0.583261 0.031715 0.826761 -1.145745 0.375100 0.393642 1.309313 0.410961 0.070816 -0.026673 0.443430
Literal 0.667059 -0.076228 1.027573 -0.139184 0.184702 -0.087921 0.043146 0.119847 0.171682 -0.395137 0.121102 0.192531 -0.085109 0.018525 0.811236 0.032374 -0.741893 -0.030472 -0.014099 0.137775 -0.388015 -0.564342 -0.404509 0.002148 -0.246871 0.152312 -0.050234 0.639758 0.630944 0.439504 0.064674 0.764226 -0.303073 0.107272 -0.269936 0.795667 -0.290787 -0.252242 0.114248 -0.200993
ReferenceType -0.066136 -0.498738 -0.064518 -0.110543 -0.683808 0.806741 -0.183921 0.340609 0.168637 0.409223 -0.475102 0.379188 1.354831 0.419569 0.072736 -1.020868 -0.260276 0.166763 0.196876 0.326311 -0.557842 0.424049 -0.146966 0.079054 -0.134819 -0.453270 -0.105167 -0.592229 -0.425694 1.123291 0.116539 -0.200552 -0.328946 0.480465 1.349137 0.211362 -0.016599 0.636263 0.275156 -0.682139
StatementExpression -0.142730 -0.384981 0.409109 0.113504 1.022312 0.607564 0.189607 -0.091094 -0.728898 0.509972 -0.532889 0.074442 0.670946 -0.179775 -0.197949 -0.451430 -0.307385 -0.283742 0.288145 0.136117 -1.158707 -0.288836 -0.220082 -0.073498 -0.452602 -0.245174 0.371199 0.772981 -0.505574 0.066764 0.238531 0.753584 -0.806408 0.156267 -0.301239 0.570655 0.059641 -0.016398 -0.038265 -0.012140
BinaryOperation 0.358086 -0.249631 0.673135 -0.064777 -0.784063 -0.033185 0.179757 0.259094 -0.050340 0.034097 0.591272 0.383711 -0.849818 0.366705 0.103245 0.750585 -0.967257 0.267343 -0.739614 -0.176846 0.305045 -0.373695 -0.212408 -0.792153 0.297162 -0.116204 -0.254895 -0.258935 0.682277 0.148911 -0.641436 -0.526987 0.599806 -0.033650 0.386672 0.706773 0.225814 -0.625835 -1.050160 0.583172
VariableDeclarator 0.069042 -0.279118 0.196517 -0.246077 -0.457560 0.502247 -0.864213 -0.478692 0.021395 -0.689488 0.757250 1.003444 0.334574 0.488279 0.018700 -1.501169 -0.894476 0.827805 -0.176045 -0.294158 -0.002275 0.008184 -0.204363 0.246681 0.177336 -0.330817 0.452894 0.168949 0.430950 0.867081 0.698222 0.430031 -0.046213 0.130969 1.322606 0.094794 0.153586 0.694625 0.615358 -0.407332
Assignment -0.197920 -0.295866 -0.286091 -0.179169 0.785392 0.337469 0.198025 -0.387394 -0.340153 0.589305 0.084031 -0.260777 0.479076 0.106460 -0.050268 0.285629 -0.305821 -0.050463 -0.189395 -0.446617 -0.677126 -0.056977 -0.471239 -0.221526 -0.356260 0.145123 0.443698 0.887384 -0.486590 -0.670949 0.608500 0.285184 -0.080704 -0.965915 -0.888556 0.556974 0.000273 0.025444 -0.308021 0.116775
BasicType -0.592151 1.051215 -0.017586 -0.105820 -0.173459 -0.030452 -0.653000 -0.727394 0.866401 -0.257364 0.288143 0.738143 -0.296957 0.578752 -0.118496 -0.272195 0.015742 0.409083 -0.103360 0.115681 0.296346 -0.243444 -0.558765 0.582605 0.848621 0.497684 0.322553 -0.037698 0.017672 0.402590 0.159404 0.273529 0.093344 0.184268 0.652605 0.435100 -0.233752 0.866654 0.949832 -0.610785
IfStatement 0.488728 -0.061922 0.629426 -0.230557 -0.513411 0.465751 0.568014 0.482958 0.159834 0.240705 0.122472 -0.110264 0.474140 0.038936 -0.550536 0.786196 -0.575318 0.457951 -0.267061 -0.143700 -0.579779 -0.591356 0.126059 -0.477296 -0.270662 0.419919 -0.360229 -0.222519 -0.042895 -0.170347 0.255776 0.390184 -0.524002 -0.213720 0.055374 0.779514 0.322412 -0.454247 -0.605036 0.298982
FormalParameter -0.948330 0.808653 -0.404094 -0.187202 0.110993 0.461757 -0.134168 0.129504 1.011859 0.564947 -0.776755 0.149957 0.442239 0.597625 0.000483 0.103834 0.890634 0.003628 0.270688 0.405439 -0.954542 -0.166220 -0.446961 0.726710 0.567914 0.489741 -0.357086 -0.847395 -1.060219 0.485832 -0.495264 0.040709 -0.191492 0.415094 0.257364 0.581953 0.430313 1.063015 0.502190 -1.201971
LocalVariableDeclaration 0.395594 0.047620 0.400074 -0.303704 -0.018393 0.388034 -0.055463 -0.087151 0.153003 -0.043012 -0.025329 0.535954 -0.246667 0.424876 -0.359246 -0.874048 -0.613085 0.452037 -0.587949 0.046657 0.219424 0.065228 0.467434 -0.149077 0.008988 -0.215944 0.208001 0.110890 0.430012 0.036720 0.377290 0.176183 -0.519165 0.089299 0.741019 0.568464 0.423045 1.233606 0.501482 0.185927
ReturnStatement 0.476976 -0.077258 0.844069 -0.326313 -0.340975 -0.131198 0.842793 0.572809 0.392662 0.544573 -0.272029 -0.437952 0.114966 0.391332 0.307789 0.325559 0.567063 0.550872 0.011470 0.614098 -0.121367 0.060690 0.202432 0.481446 0.306108 0.447502 -0.302249 -0.363099 0.348029 0.968203 -0.073897 -0.439079 -0.333971 0.778058 -0.175790 0.547618 -0.489329 -0.689944 0.452506 0.290075
MethodDeclaration -0.245778 0.610649 0.108177 -0.067584 0.234165 0.730827 0.352404 0.772506 0.035450 0.329105 -0.721166 -0.146302 0.387001 0.226497 -0.303148 -0.572827 0.703885 0.462172 0.351009 0.516131 -0.585956 0.028434 -0.072027 0.974970 0.442713 0.455045 0.107242 -0.858192 -0.734892 1.164522 -0.399975 0.013200 -0.089808 0.627727 -0.137712 -0.103410 0.075412 0.596702 0.118558 -0.608313
ClassCreator 0.547327 -1.428780 0.513322 -0.230939 -0.375264 -0.043113 -0.070151 0.177720 0.052028 0.176737 -0.406634 -0.291875 0.656938 0.497641 0.948615 -1.168471 -0.076898 -0.708154 0.150022 0.171496 0.167767 0.793776 -0.591112 -0.166101 -0.931583 -1.118522 -0.686693 0.072904 -0.600486 0.912290 -0.140914 -0.470342 -0.173454 -0.104952 1.046084 0.633636 0.070956 -0.010111 0.346344 -0.509115
BlockStatement 0.484918 -0.892730 -0.003037 0.369235 0.055115 0.445298 0.083650 0.713623 -0.083734 -0.106320 0.291409 0.075812 0.009029 -0.298453 -0.891958 -0.490156 -0.909482 0.479419 -1.015082 -0.313602 -0.208967 -0.126771 0.575788 -0.434879 -0.014368 -0.078703 -0.092654 -0.114033 -0.102226 0.384919 0.525307 0.624523 -0.799796 0.296872 -0.243532 0.513074 0.341749 -0.021126 -0.122585 1.195577
== -0.423399 -0.087415 0.414710 0.252814 -0.425182 0.641232 0.941746 0.966837 -0.052893 0.781873 -0.135010 0.218070 0.366515 -0.016977 0.135610 0.640596 0.020273 0.935522 -0.802036 0.119077 -0.456231 -0.361256 0.167028 0.047030 -0.460702 0.708968 -0.871282 0.004649 -0.209645 -0.043809 -0.545139 0.094424 0.154052 -0.900684 0.251355 1.442815 0.026031 -0.043498 -0.930239 0.734023
FieldDeclaration -0.839235 0.240917 -0.046838 -0.968537 -0.701827 0.416965 -0.628416 -0.768335 -0.954629 -0.825832 0.714118 1.002776 1.241759 0.914373 1.100276 -0.644036 0.246711 0.996181 1.510906 -0.456184 -1.511872 0.216194 -0.949086 1.172932 0.573561 0.197918 1.258656 0.250476 0.653674 1.113811 0.726777 0.141456 0.658363 0.183119 1.448388 -0.151924 0.333787 -0.181482 0.438187 -1.589074
+ 0.408127 -0.076059 0.552919 -0.042751 0.191707 0.080506 0.445307 1.263695 -1.067686 0.457705 0.063709 -0.085575 -0.297477 0.549064 1.051163 -0.319230 -0.586478 -0.700480 -0.411067 -0.005568 -0.298273 -0.370484 -0.610143 -1.166230 0.483921 -1.041291 1.147563 -0.218664 -0.043498 0.633476 -1.374408 -0.265391 0.756336 1.112551 0.062678 0.674716 0.416145 -0.291627 -0.445204 -0.159486
Import -0.239097 -0.379592 -0.064492 -1.398589 0.906849 0.805321 -1.114735 -1.262421 -0.184687 0.385105 -0.964414 1.248380 0.259829 0.337856 1.476320 -0.774331 0.360652 0.870718 1.797866 0.909196 -1.370024 0.373812 -0.425560 2.326656 -0.788638 1.140738 -1.379359 -0.233134 0.070692 0.001071 -0.319438 0.753870 0.228185 -0.677077 -0.491235 -1.892175 1.169198 1.667201 -0.163725 -1.856128
!= 1.093885 -0.334879 0.516267 -0.137222 0.309025 0.465819 0.165058 0.753183 0.824072 -0.930093 0.559995 -0.067283 0.251141 0.113078 -0.363806 0.193473 -0.625759 0.095121 -0.318289 -0.479685 -1.268102 -1.228047 0.827486 -0.326257 0.146190 -0.385329 -0.376149 -0.310602 0.379746 0.270514 0.270964 0.427650 -0.858514 0.458219 -0.421378 0.615195 0.499286 -1.115586 -0.184147 -0.221474
SwitchStatementCase 0.709146 0.381301 0.907989 0.810652 -1.049082 -1.055877 0.753166 0.609687 -0.038445 -0.179449 -0.615879 -0.543350 -0.516176 -0.323137 0.807945 1.633493 -0.433642 -1.689767 1.373528 0.355092 0.067144 -0.271475 -0.065829 -0.122676 -0.277676 1.322336 -1.080142 0.378694 -0.409016 0.107553 0.230801 -0.043684 0.162900 0.298110 -0.576200 0.335050 -1.370792 -1.441576 1.233565 0.799113
- 0.179870 0.528336 1.280872 0.231058 0.345711 0.150767 0.434024 0.295972 -0.813381 -0.275332 0.492040 0.227526 -1.418368 0.749134 -0.254559 -0.168258 -0.360548 0.771909 -0.196156 -0.571159 -0.090155 -0.554328 -0.148300 0.244415 0.639228 0.821943 0.820593 0.292913 -0.113161 0.797182 0.159470 -0.612138 0.113563 -0.125921 -0.433150 1.093779 -0.182620 -0.880634 0.526952 0.949499
This 0.274693 0.236537 0.970857 -1.019656 1.031686 0.591591 0.593616 -0.101258 -0.327208 1.163966 -0.685341 -0.645841 -0.115742 0.873338 0.296373 -0.596554 0.684854 0.759763 0.395990 -0.186311 -0.462738 0.387466 -0.543136 -0.435908 -0.623009 0.166234 0.844396 -0.114144 -0.795096 -0.182838 0.177613 -0.759964 -0.464277 -0.701394 -0.288328 0.119090 0.914252 0.683954 0.083284 -0.548800
Cast 0.248543 -0.291643 -0.170710 0.440498 -0.236367 0.326397 -0.502842 -0.421237 0.840091 0.993914 -0.255702 0.662720 0.785072 0.187200 -0.115778 0.061984 -0.624006 0.099717 -0.269881 0.029826 -0.321020 -0.036289 0.467098 -1.016207 -0.011694 -0.550461 0.042123 -0.424221 -0.192269 0.237882 -0.311171 -1.287973 -1.484360 0.604508 1.367680 0.822198 -0.390943 -0.544974 0.958683 0.123619
ArraySelector 0.204113 0.083113 -0.646346 0.799042 0.169470 -0.036076 0.050545 0.901097 0.071882 0.479544 1.004398 0.348875 0.408026 -0.359542 0.559892 0.075108 0.056460 0.460279 -0.663168 -0.251693 0.256940 -0.753612 0.906443 -0.884789 0.351876 -0.237908 0.072703 0.478604 -0.605933 -0.550899 -0.455024 0.578001 0.432685 0.081453 -0.380488 -0.400115 0.066441 -0.828630 1.035210 0.705950
++ -0.007323 -0.338152 -0.981366 0.938396 0.042348 0.180128 0.074161 0.983807 0.184518 -0.171998 0.432720 -0.202496 -0.062428 -0.247699 -0.554323 -0.506476 -0.457489 0.245572 -0.708557 -0.851607 0.192167 0.623858 0.219294 -0.384258 0.292048 0.183552 0.081200 -0.032964 -1.069655 0.415778 0.602833 0.432763 -0.313758 -0.291656 -0.075188 0.633902 -0.319009 -0.046351 0.880448 1.382898
BreakStatement 0.692783 0.959521 -0.692118 0.728253 -0.348967 0.163041 0.758238 1.040846 -0.014131 -1.320921 -0.361542 -0.086928 -0.253059 -0.871137 -0.131359 1.552102 -1.175129 -0.808646 1.104273 -0.174862 -1.018627 0.143887 0.929266 0.293809 0.181519 1.101797 -0.367254 -0.021641 0.244454 -0.306521 0.028132 1.048027 -0.432366 0.011418 -0.366643 0.557141 -0.705031 -0.662403 0.692244 0.769336
< 0.440181 0.073434 -0.696854 0.572902 -0.391295 0.053908 -0.419775 0.705696 0.353474 -0.414545 1.018509 0.207649 -0.734082 0.070663 -0.473968 -0.247101 -1.268089 0.678357 -1.071327 -0.864716 0.814876 0.310815 -0.208233 -0.696685 0.600441 0.319257 0.367222 -0.326166 -0.612916 0.405305 0.091203 0.619512 0.029230 -0.331267 0.093042 0.547233 0.192090 0.245491 0.734902 1.189725
&& 0.290448 -0.499173 0.479814 0.121928 -0.971079 0.185443 0.278833 0.558241 -0.293425 -1.172117 0.884103 -0.011730 -0.659667 -0.039798 -1.040049 0.450296 -0.026184 0.516095 -0.299547 -1.027021 -0.182649 -0.662393 0.549253 0.039335 -0.260577 -0.041592 -1.263260 -1.179770 -0.203253 0.082845 -0.443935 -0.941891 -0.224731 -0.961655 0.617344 0.612896 1.340374 -1.331218 -1.362213 0.504625
ClassDeclaration -0.883643 0.338066 0.830648 -0.725541 0.416673 0.930055 -0.464312 -1.044958 -0.613051 0.648168 -0.410253 0.713615 0.412102 0.550315 0.247744 -0.635491 0.568444 0.765485 1.150829 0.346758 -1.124100 -0.114537 -0.813160 1.206638 0.046275 0.758084 -0.066772 -0.014412 -0.607226 0.778552 0.207692 0.024550 0.074649 -0.002095 0.059450 -0.805599 0.525404 0.858680 0.074563 -1.337546
ForControl 0.480170 0.519162 0.218614 0.602343 -0.201480 0.543755 -0.031188 0.559847 0.835670 -0.452820 0.448578 -0.066290 -0.289321 0.745688 -0.973731 -1.286580 -0.855877 0.268430 -1.304316 -0.271363 1.111988 -0.013940 0.146094 -0.632833 0.592799 0.097170 0.588477 0.233341 -0.623141 0.538880 0.978959 0.808468 0.399799 0.075996 0.013044 0.613195 -0.975706 1.033300 1.113778 0.512418
ForStatement 0.374657 0.598826 0.192853 0.502090 -0.190938 0.603005 0.035365 0.558413 0.758462 -0.373227 0.396810 -0.203040 -0.395947 0.780045 -0.871367 -1.346512 -0.808737 0.306702 -1.057245 -0.254682 1.224114 0.123869 0.160133 -0.402328 0.439016 0.023168 0.619510 0.339669 -0.333119 0.494041 0.992255 0.851167 0.409147 -0.009926 -0.073092 0.380218 -1.026506 0.908081 0.964260 0.466200
ConstructorDeclaration -1.012140 0.035967 0.100373 -0.431123 0.775743 1.214127 -1.002734 -1.553017 0.226306 1.369278 -0.238012 0.886951 1.009135 1.164398 0.730984 -0.662869 0.415054 0.561097 1.292487 0.279197 -1.175260 -0.232446 -0.787623 0.553000 -0.137625 -0.396435 -0.197411 0.341538 -1.402046 0.295647 -0.360557 -0.064632 0.387028 -0.415611 0.583372 -0.439976 -0.014796 0.324535 0.771827 -1.877263
VariableDeclaration 0.203225 0.612727 0.013280 0.642261 -0.149095 0.560339 0.002195 0.522470 0.611917 -0.365733 0.449772 0.052112 -0.444412 0.723176 -0.837586 -1.226317 -0.926837 0.124285 -1.245586 -0.262576 1.132220 -0.030680 -0.042667 -0.440866 0.658181 0.180571 0.689382 0.281930 -0.575730 0.543003 0.788704 0.830427 0.648883 0.003599 -0.038676 0.576038 -0.855613 1.144703 0.927197 0.491932
! 0.306537 -0.143083 0.265036 -0.010673 -0.436929 -0.300724 0.803642 0.841036 -0.668854 -0.673117 0.258432 -0.472925 -0.315026 -0.533541 -1.144954 -0.203667 0.765829 0.027743 0.019753 -0.020926 0.429683 -0.035402 0.890650 0.477147 -0.329730 -0.117385 -0.781882 -0.261234 -0.031695 -0.373558 -0.499635 1.044881 -0.629889 -0.080528 0.579317 0.476076 1.491884 0.102991 -0.038743 0.535547
ThrowStatement 0.515882 -0.451027 0.429056 -0.531544 -0.914565 -0.629868 0.758444 1.223223 0.372349 0.309555 -0.498966 -1.247327 0.447259 0.167394 1.180143 0.062693 0.608066 -0.765005 0.150147 -0.508504 0.081256 0.504450 -0.902960 -1.033343 -1.066810 -0.068800 -0.331873 -1.016762 -1.022969 0.053220 0.073732 -1.056664 -0.282692 -0.536884 0.360547 0.730325 0.768757 0.023704 -0.144755 -0.405181
CatchClause 0.184004 -0.385803 -0.103069 -0.592720 0.338073 -1.071547 0.856182 1.103309 -0.669564 0.007556 -0.791242 -0.886577 0.791542 -0.745555 1.422451 -0.478084 1.244907 -0.570831 0.026736 -0.223663 -0.994615 0.480621 0.123553 -0.772462 -0.743160 0.059295 1.211059 0.016675 1.185641 -0.238113 0.881049 -0.636231 -0.963377 0.757641 -0.282700 0.123631 0.783375 0.404009 -0.187417 0.001214
CatchClauseParameter 0.099097 -0.489649 0.252558 -0.412769 0.133193 -1.086860 1.224129 1.277214 -0.555196 -0.154912 -0.959023 -1.087299 0.812418 -0.638461 1.290044 -0.446174 1.358990 -0.703676 -0.210213 -0.218341 -0.906705 0.354744 0.004968 -0.911795 -0.644185 0.095768 1.320895 -0.214117 0.897763 -0.184585 0.997072 -0.900191 -1.016257 0.885769 -0.074183 0.614063 0.733248 0.404429 -0.134807 0.141069
TryStatement -0.471479 -0.320010 0.505029 -0.061767 -0.180132 -0.549153 0.522050 0.384459 0.300119 -0.264758 -0.583007 -0.516808 0.416296 -0.003431 -0.200606 -0.965675 1.199384 -0.408467 -0.822240 -0.114091 -0.127002 -0.152572 0.508269 -0.603086 -0.473519 0.070874 0.211948 0.097244 0.492167 -0.545545 1.592025 -0.247889 -0.857383 0.300373 0.433837 0.683454 0.510643 1.174817 0.140255 0.043163
|| -0.074024 -1.114570 0.511271 -0.034313 -1.799760 -0.237452 -0.243988 0.395779 -0.547636 0.516154 0.532646 0.413002 -0.156998 -0.365897 -0.688570 1.261619 -0.979503 0.679558 -0.488108 -0.066516 0.051271 -0.298201 -0.672471 -0.200055 -0.274624 0.960777 -1.513130 -1.252678 -0.272797 0.617516 -0.474281 0.027835 -0.359455 -0.454609 0.332222 0.281397 1.361077 -0.349115 -1.520664 0.947078
instanceof 0.906189 -0.223342 -0.206430 -0.808922 -1.226966 0.825444 0.300417 0.134895 0.448300 1.011336 -0.294627 -0.540617 1.023022 0.270372 -1.413158 1.017750 -0.761698 0.590787 0.524914 -0.236665 -0.045934 0.824321 0.279922 -1.047709 -0.540927 0.041674 -0.275482 -1.476634 -0.550986 -0.481356 0.501809 -0.618587 -1.087244 -0.432856 1.024633 -0.574220 0.856157 -0.011879 -0.339814 0.093188
PackageDeclaration -0.559862 0.531067 0.441110 -1.114755 -0.185061 0.651221 -1.472294 -1.394954 0.243129 0.679321 -0.064834 0.673888 0.560803 0.400117 0.011468 -0.501274 -0.107003 0.972469 1.315923 0.944342 0.084127 0.153178 -2.096793 1.853390 0.002208 0.829533 -1.011672 -0.516219 -0.983613 1.145169 0.287928 1.379927 0.624749 -0.477013 -0.357125 -2.708530 -0.305015 1.601318 -0.459345 -2.159278
& 1.042103 0.126295 -0.472666 0.495178 0.605348 0.113284 0.039430 -0.092227 1.379982 -0.611937 0.571323 0.182076 -0.318372 -0.510545 0.173849 1.961241 -0.738516 -0.653376 -0.265940 0.206606 -0.540538 -1.471244 1.224376 0.537910 0.127143 -0.183569 -1.747846 0.409157 0.737448 -0.724205 -1.211148 0.216826 0.179049 -0.244263 -1.408086 0.249268 -0.886474 -1.986312 -0.505071 -0.118676
ArrayCreator 0.297855 -0.095500 -0.001134 -0.605629 -0.011025 0.044582 -0.001224 -0.082188 0.819579 0.785559 0.147887 -0.040335 1.182323 0.661601 0.394528 -0.635651 0.125892 0.535246 -0.950838 0.932522 0.752017 0.127098 0.030571 -0.446703 0.407190 -0.873888 0.911836 0.898517 0.895273 0.173963 0.591131 0.981796 0.457068 1.015921 0.424954 -0.160221 -0.858118 0.783236 0.867962 -0.539056
> 0.499108 0.086697 0.013462 0.560386 0.401599 0.439893 0.067567 0.048065 0.110280 -0.380543 -0.238050 0.039136 -0.837505 -0.540222 -1.099018 0.543914 -1.247637 -0.644052 -0.705140 -0.134342 -0.019899 -0.242366 0.114303 -0.020241 -0.246457 -0.244202 -0.577742 -0.047880 -0.166407 -0.188408 -0.791019 -0.188645 -0.494826 -0.466470 -0.371058 1.079842 -0.091798 -0.080424 -1.170722 0.445561
SuperConstructorInvocation -0.423636 0.050435 0.309622 -0.919705 1.140841 1.063625 -0.202314 -0.804750 0.540775 1.178186 -0.424781 0.133575 1.194441 0.591979 0.200245 -0.515345 0.760309 0.739308 0.534495 0.788619 -0.583106 0.193633 -0.540387 0.884889 -0.454664 -0.469515 -0.412963 0.289730 -0.723880 0.045933 -0.330147 0.511500 0.265442 -0.498245 -0.009209 -0.725724 0.189425 0.968512 -0.396391 -1.619476
TernaryExpression 0.140713 -0.194276 -0.286629 -0.689184 1.316728 -0.086590 -0.008728 -0.916759 0.139961 0.586710 0.965904 0.175680 -0.570850 0.103309 -0.038591 0.664039 0.462928 1.794541 -0.914227 0.117969 0.834008 0.120697 -0.071255 0.473785 0.173830 -1.304715 0.013152 0.379256 0.607744 -0.213840 -2.093973 0.028604 0.043389 -0.660621 0.047256 0.680391 0.596240 -1.140522 -1.065992 0.178212
ArrayInitializer 0.128674 -0.275400 0.486213 -1.092570 0.172565 -0.069470 0.331071 -0.325222 0.847784 0.033004 -0.094505 0.115430 1.222729 0.363432 1.017474 -0.962164 0.498428 0.835761 -1.077337 0.910066 0.068326 -0.002692 0.222022 0.206243 -0.215431 -0.648277 0.644462 0.748995 2.108194 0.097467 0.618322 0.255612 -0.013763 0.630689 0.534860 0.611185 -0.226383 1.105268 -0.412700 -0.889746
ClassReference -1.357750 -1.033020 0.441152 0.986425 -1.522515 -0.070002 0.689113 1.631926 -0.584788 0.621456 -0.843075 0.463934 1.942339 -1.163199 1.088553 -0.441691 0.650052 -0.416408 -0.926030 1.064199 -0.776903 -0.604853 0.374765 -0.497631 -0.662445 0.588103 -0.756319 -0.137568 0.542398 0.446864 0.049344 0.215214 0.008528 1.085911 0.921659 0.836348 -0.326526 0.726178 -1.105118 0.539368
SwitchStatement 0.745112 -0.276498 -0.016128 0.321615 0.004652 -0.808945 -0.282370 0.520355 0.989458 -0.035237 -0.177830 -0.096244 -0.265111 -0.654474 0.828637 -0.142741 -0.049851 -0.013691 -0.180826 0.103676 0.214095 -0.046492 0.519426 -0.259491 -0.092375 0.930967 -0.609223 -0.336963 0.119237 0.324594 0.824230 0.038767 -1.093766 0.670960 -0.880805 -0.525132 -0.263367 0.255163 1.541384 0.781357
>= -0.204709 -0.004129 0.189521 0.459815 -0.797674 -0.521117 0.104429 0.573196 0.300504 -0.238995 0.641237 -0.395149 -0.540565 0.153373 -0.728660 0.484240 -0.110018 -0.152643 -1.393553 -0.265302 1.053121 -0.557420 -0.635673 -0.448434 0.727982 0.318497 -0.024503 -0.447585 -0.198152 0.431541 0.151927 -0.460805 0.890381 0.038905 -0.552068 0.322650 -0.380378 -0.347848 -0.819109 0.509593
WhileStatement 0.010633 -0.278256 -0.709214 0.121301 0.348680 -0.205408 -0.431267 -0.315421 0.180119 -0.829429 0.130733 -0.088431 -0.639916 -0.453673 -1.070443 -0.327762 -0.126440 0.018699 -1.088426 -0.912196 0.078578 0.073965 0.347419 -0.359137 0.090266 -0.306153 0.193509 -0.498489 0.140521 -0.371326 0.438683 -0.916718 -0.963336 -0.183397 0.022727 0.353836 0.767603 0.347193 -0.671496 0.589879
+= -0.370389 -0.036562 -1.551190 0.272319 0.764572 -0.067662 0.266908 0.051168 -0.780959 -0.327193 0.814738 -0.383170 0.067607 -0.059764 0.004650 0.799408 -0.421639 -0.287985 -0.077710 -1.080506 -0.679479 0.303359 -0.275244 -0.242016 0.549961 -0.348877 1.251120 0.686934 -0.050394 -0.427945 0.252445 0.059116 0.649474 -0.530615 -1.071038 0.263215 -0.420882 -1.130843 -0.388231 0.622834
ConstantDeclaration 0.164922 0.393085 -0.102167 0.042028 0.072804 -1.286687 -1.205952 -1.761877 -0.549767 -1.546631 1.838719 0.636711 -1.515402 -0.398611 -0.229571 -0.307778 -0.481247 0.121031 0.202001 -0.271695 2.457339 0.080429 -0.326333 0.586987 0.631473 -0.136911 0.431742 0.839730 1.424141 -0.527563 0.775964 0.510487 1.292371 -0.633603 -0.685829 -2.213046 -0.808229 -0.361179 -0.059888 0.465233
-- -0.122622 0.280186 0.320546 1.157414 0.131533 -0.162838 -0.601273 -0.080903 0.331451 -0.673949 0.094504 0.237459 -0.695026 -0.633547 -0.746739 -0.242524 -0.436709 -0.865168 -1.487026 -0.412087 0.370656 -1.454431 0.685848 -0.884742 0.106369 0.342481 0.088578 -0.278796 -0.136621 -0.581326 0.343911 -0.903824 -0.381241 0.180255 -0.759718 0.233182 -0.253633 0.076245 -0.428148 0.618437
SuperMethodInvocation 0.335007 1.231622 0.054337 -0.465878 0.522688 0.888338 1.057132 0.351289 -0.958291 0.668749 -0.355492 -0.461537 0.226503 0.656712 -0.603822 0.316645 0.342324 0.415836 1.845131 0.764071 -0.485487 0.523956 0.651485 0.112945 0.546145 -0.679246 1.035090 0.254895 0.083525 -0.184507 -0.949979 1.133175 0.249197 1.072087 0.299861 -0.660229 -0.102388 -0.659819 0.727199 -0.513815
ContinueStatement 0.427861 -0.014653 0.983835 0.497430 -0.899726 -0.210341 0.589977 0.920048 -0.548932 -0.352818 -0.239985 -0.008733 -0.362233 -0.496777 0.164504 -0.187842 -0.753604 -0.615705 0.436154 -0.494931 -0.075860 -0.108769 0.764692 -0.681825 -1.417198 1.234317 -0.993678 0.434942 -0.399331 -0.845624 1.357402 1.067263 -0.562859 -1.022363 0.210957 0.492178 0.708413 0.860644 0.850485 0.962534
<= -0.090190 -0.916532 0.585113 0.381992 -0.328448 0.125233 0.282339 0.290259 -0.087300 -0.267883 0.376678 -0.579013 -0.758320 0.406321 -1.553709 -0.464031 -0.337234 -0.401774 -1.052463 -0.291999 0.607926 -0.240335 -0.349963 0.371510 0.101423 -0.327255 -0.841764 0.118504 -0.445887 0.771133 0.371948 0.335178 0.575864 -0.253369 -0.518712 1.126678 -0.132319 -0.302961 -1.211960 0.482553
/ 0.279691 0.409499 0.925078 0.186622 0.556251 0.161811 0.244732 -0.641349 -1.311949 0.383999 -0.565971 0.556198 -1.903453 0.364112 0.085219 -0.191913 -1.004525 -0.142468 0.705804 -0.158938 0.351765 0.937044 -0.431415 -0.226186 0.207946 -0.707892 1.137765 0.357887 0.494092 0.720779 -1.300735 -1.545149 -0.226098 0.452953 1.076308 0.889741 -0.362895 -0.501884 0.403385 0.739702
* 0.056588 0.237273 0.454245 0.032138 -0.165300 -0.505946 -0.036652 -0.928531 -1.646559 1.210304 -0.343270 -0.214674 -0.820413 0.624514 -0.902398 0.579465 -0.381494 -0.435620 0.488334 0.469696 1.456504 0.358497 -0.573286 -0.634665 1.130717 -0.677430 2.064877 0.345230 -0.023330 0.442587 -0.367142 -1.140279 0.719237 1.385233 -0.020388 -0.916489 -0.811067 -0.996333 0.344052 0.610568
| -1.570389 -0.052509 -1.649086 0.165664 -0.235740 -0.703538 -0.177919 -0.625378 0.568072 -0.044608 0.101839 0.114528 0.247571 -0.617487 0.839112 1.114068 1.305404 -0.001253 -0.273232 0.683450 0.620548 0.426490 0.454642 0.941735 -0.152531 -0.194704 -0.913518 0.662361 1.035684 -1.547297 -1.150199 -0.125482 1.379250 -0.797685 0.140206 -0.160521 -0.443773 -0.153479 -0.984275 -0.265040
ExplicitConstructorInvocation -1.026360 0.192366 -1.045393 0.336529 1.126530 0.251054 -1.041647 -1.854007 0.274539 0.926312 -1.244061 0.548181 1.241724 -0.183176 0.710212 0.643951 0.270294 -1.895960 1.648374 0.387636 -1.561029 -0.180847 -0.568598 -0.119992 -0.402965 -0.857649 -0.477232 0.463161 -1.670478 -0.815160 -1.223572 -0.485797 -0.890998 -0.284626 0.796478 0.053776 -0.545258 -0.434577 0.671437 -1.718175
<< 0.300112 -0.122359 -0.659352 -0.180358 0.350099 -1.170290 -1.542862 -1.394770 0.641609 -1.151655 1.218622 0.850342 -0.438774 -0.191989 1.407949 0.628440 0.154194 -0.186911 0.108324 -0.242916 0.107021 -0.938979 0.190658 -0.125362 0.723258 -1.182820 0.129636 -0.147439 1.666956 -0.135105 -0.945447 -0.732057 0.420015 0.830056 -0.124656 -1.681638 0.307463 -1.308186 -0.203507 -1.110298
&= -0.968333 1.555996 -0.007171 -0.249433 0.626349 -1.114929 1.286868 -0.317357 0.796331 0.692624 -0.912729 -0.943832 -0.394989 -0.431515 0.573039 1.919886 2.079829 0.110416 -0.323536 0.665736 0.828484 -0.199803 0.197081 0.492034 -0.070975 1.590223 -0.103296 0.548182 0.942457 -1.919395 0.084717 -0.158954 0.408381 -0.362869 -1.506551 0.185356 -0.474120 0.624600 -0.623175 0.376017
% -0.811294 0.041589 -0.318666 0.843314 -0.227426 -0.627989 0.254636 -0.068627 -1.281714 -0.005668 -0.007108 -0.114488 -1.219213 -0.154047 0.391318 0.109789 0.360965 -0.884445 0.335611 -0.638127 0.762231 0.741943 -0.170206 -0.495435 0.144785 -0.289861 0.234411 0.648068 -0.419048 -0.507145 -0.270179 -1.123655 1.121701 -0.575254 0.350452 0.089876 -0.403693 -0.663875 0.104388 0.988566
SynchronizedStatement -0.176494 -0.007646 0.290176 0.262700 0.286831 1.192359 0.268494 0.690906 0.538572 -0.036952 -0.685184 -0.604870 0.000385 0.304473 -1.131135 -1.128304 0.259116 -0.156804 -0.984636 0.217682 -0.343739 -0.403305 0.157548 0.266696 -0.242956 -0.687699 -0.229255 -0.884016 -0.333305 0.405174 -0.373694 -0.189611 0.434076 0.029666 -0.638479 -0.000513 -0.129596 1.275161 -1.912176 -0.942444
^ -0.471605 -0.861362 0.104300 0.156016 -1.495654 -1.262899 0.937734 0.803332 0.031888 -0.301391 -0.379549 -0.811489 0.091165 -1.005987 -0.161132 0.601059 1.039687 -0.294509 -0.442670 0.307022 0.663922 0.280114 0.278652 -0.204314 -1.155951 0.533357 -1.544349 -0.564878 0.590992 -0.898766 0.418838 -0.020668 -0.424049 -0.680079 0.601700 0.693208 0.645864 0.257005 -1.042911 0.904714
-= -0.664579 0.442798 -1.075679 0.025512 0.277157 -0.337574 -0.250615 -1.102255 -1.055660 -0.829497 -0.010462 -0.568847 -0.952006 -0.262465 -1.745150 0.186220 -0.144355 -1.198348 0.393617 -0.801066 0.559237 0.760992 -0.626791 0.185446 0.398789 0.014513 1.091278 0.358191 -0.334960 -0.993176 0.749540 0.122265 0.583330 -0.627651 -0.490511 -0.509859 -0.014119 0.238054 -0.685486 0.188417
InterfaceDeclaration -0.765320 0.490919 -1.045149 0.410240 -0.271058 0.188798 -0.887722 0.330823 0.150285 -1.140943 -0.454685 0.158398 0.080832 -1.097763 -0.811695 -0.131598 0.650848 -0.688951 0.896705 1.028710 0.178651 -0.074077 0.120698 1.997634 0.299130 0.847524 -1.188210 -1.229935 -0.127281 0.364091 -0.353369 0.981533 0.660458 0.324715 -0.739854 -2.782879 -0.143999 0.970108 -0.845806 -1.051498
DoStatement 0.536726 -0.257093 -1.073859 0.566973 -0.294010 -0.321451 -1.089244 -0.460594 1.392401 -1.541644 0.726005 0.723789 -0.783123 -0.468967 -0.575969 0.443132 -0.794951 -0.172123 -0.300698 -0.790157 0.048968 -0.277951 1.070905 -0.063814 0.617211 -0.159857 -0.940536 -0.586259 0.000315 -0.247018 0.128905 0.115202 -0.607991 -0.117489 0.248811 -0.528548 0.373686 -0.627177 0.787050 0.225964
|= 0.101198 0.486587 -1.410494 -0.304954 0.534138 -0.023033 -0.273288 -1.164298 -1.032999 -0.023037 0.063142 -0.481093 0.318703 -0.786907 -0.913294 0.965403 0.413650 -0.412869 1.938377 -0.543702 0.033848 0.615885 0.519308 0.285570 -0.788042 0.033574 -0.202466 0.122616 -0.834283 -1.931885 0.018267 0.349901 -0.304782 -1.581961 -0.338945 -2.046618 0.847587 -0.453086 0.339477 -0.430398
>> 0.566017 -0.149458 -0.616330 0.291972 -0.583369 -0.993840 -0.935206 -0.096362 1.587036 -0.860262 0.626656 0.069937 -0.660842 0.086924 0.805344 0.203635 0.050450 -0.840033 -0.787772 0.322515 1.738380 -0.069962 1.046473 0.008924 0.525384 -0.453450 -0.711222 -0.053283 1.211904 -0.279351 -0.244314 -0.919600 1.049499 0.520377 -0.391862 -0.954226 -0.969882 -0.253037 0.608728 -0.149843
Statement 0.345666 -0.383386 -0.582627 0.118977 0.592312 -0.565301 1.249149 0.745285 -0.996622 0.517434 -0.004804 -0.882232 0.127237 -1.018805 0.263610 0.989225 0.285670 1.222835 0.321709 -0.174754 -0.086597 1.247351 0.848561 -0.874093 -0.514666 0.137072 1.013285 0.499176 0.699346 -0.923575 0.201908 0.267419 -0.603602 -0.019077 -0.521379 -0.254231 -0.026992 -1.423701 -0.138842 2.213567
~ 0.155310 1.272656 -0.594951 0.382312 -0.280489 -0.489133 -0.230300 -0.636834 0.303927 0.109519 0.381483 -0.338881 -0.931823 0.554933 -0.223458 1.168317 0.742038 -0.304991 0.604213 -0.080936 1.793878 0.208365 0.168677 -0.399803 1.223708 -0.223051 0.820147 -0.659055 -0.244484 -0.122670 -0.707229 -1.755721 1.032500 0.641856 -0.481717 -1.708408 -1.588358 -1.656558 1.118525 0.016133
>>> 0.175039 -0.086088 -0.206503 -0.023977 -0.582253 -1.299600 -0.661910 -0.273660 0.491216 -0.657039 0.065676 -0.105497 -0.669797 -0.425780 0.927705 0.313863 0.608064 -0.800892 0.593685 0.429015 1.246237 0.415936 0.185552 0.508297 -0.100496 -0.000896 -0.739763 -0.223898 0.887255 -0.240137 -0.322547 -0.626776 0.838353 0.292530 0.076495 -1.207949 -0.560393 -0.301384 0.498708 -0.210205
*= 0.009796 -0.179550 -0.524398 0.040342 1.140780 -0.481872 0.354517 0.051248 -0.882844 0.034360 0.034561 -0.865429 -0.729366 -0.667822 0.192533 0.496766 0.362806 -0.652021 0.376396 -0.525224 -0.049293 0.365197 -0.096375 -0.125352 -0.390116 -0.131317 0.480137 0.516200 -0.360720 -1.087600 -0.182085 -0.016689 0.329330 -0.615021 -1.551092 -0.611996 0.137426 -0.637881 -0.520378 0.619187
^= -0.069927 -0.329837 -0.738964 -0.021880 0.139130 -0.152847 -0.482243 -0.551374 -0.426537 -0.799891 0.575526 -0.187886 -0.440402 -0.752857 -0.984861 0.043353 -0.005120 -0.367590 0.117203 -0.774115 0.149143 0.263618 0.214926 0.182369 -0.378652 -0.244391 -0.299833 -0.161012 -0.184669 -0.948491 0.188605 0.101693 -0.031283 -1.134070 -0.209166 -0.702004 0.947628 -0.039796 -0.602608 0.099209
/= 0.035837 0.183657 -0.430457 -0.085665 0.524194 0.124156 0.305297 0.117484 -0.700275 0.174597 0.182595 -0.292141 -0.298077 0.002222 -0.155008 0.219815 -0.002308 -0.145664 0.284769 -0.352030 -0.172105 0.171485 0.083939 -0.250046 0.174085 -0.438832 0.814445 0.142135 -0.037868 -0.490143 -0.353631 -0.068295 0.408977 0.029619 -0.331202 -0.298754 0.276424 -0.340823 -0.296586 0.103878
%= -0.222023 0.413684 -0.608947 0.339126 0.313083 -0.213701 0.192025 -0.024035 -0.468508 -0.048061 0.037601 -0.358270 -0.599408 -0.331112 -0.157446 0.580626 0.110144 -0.364414 0.411183 -0.436663 0.119031 0.295543 0.075202 0.051868 0.088554 0.396490 0.205413 0.323212 -0.419858 -0.692827 0.066298 -0.099986 0.388241 -0.564101 -0.693645 -0.325726 -0.203487 -0.333086 0.232902 0.598228
<unk> 0.019890 0.000044 -0.005894 0.017893 -0.013793 0.000922 0.031700 0.041533 -0.004168 -0.012632 0.020723 -0.020882 -0.027590 -0.004379 -0.039397 0.025170 -0.022392 0.002213 -0.032133 -0.034639 0.010668 -0.003124 0.020012 -0.018813 0.000013 0.017393 -0.013986 -0.015322 -0.015501 -0.016232 0.008094 0.002646 -0.011461 -0.026270 -0.014597 0.036727 0.018566 -0.025380 -0.008943 0.045383
