MemberReference 0.350753 0.123307 0.371690 0.256195 -0.629816 0.040860 0.149172 -0.419124 0.352187 -0.011214 -0.331700 0.118662 0.077540 -0.170419 -0.071451 -0.383433 -0.873842 0.056565 0.049732 0.433601 0.411514 0.127087 1.534666 -0.039520 -0.350324 -0.711359 -0.141619 0.443101 -0.294198 0.258036 -0.051694 -0.362142 -0.088606 0.013434 -0.120768 0.824338 -0.183639 0.128277 0.653664 -0.407189
Literal 0.400286 0.203743 -0.135564 0.790177 -0.258394 0.086510 0.517453 -0.558072 0.145953 -1.186605 0.304223 0.237519 -0.209198 0.400992 -0.680637 0.187805 -0.311128 0.429355 -0.057406 -0.216814 0.162137 0.255799 0.034796 -0.505956 -0.502663 -0.554745 0.362118 -0.147070 -0.456812 0.148671 -0.970523 0.838782 -0.080056 0.074955 0.123607 -0.040350 0.015984 0.084110 -0.164772 -0.172380
MethodInvocation 0.614124 -0.369397 0.475325 0.456694 -0.774655 0.272546 0.927753 -0.523370 0.222487 -0.275766 -0.618123 0.051831 -0.794501 -0.197913 -0.866025 0.499457 0.674903 -0.287026 0.137533 0.231900 0.352456 0.156223 0.303326 -0.110224 0.283455 -0.607079 0.413065 0.623153 -0.452103 -0.128471 -0.136462 0.115015 -0.699702 -0.063881 -0.431484 0.320312 -0.431600 0.026867 0.601307 -0.368519
StatementExpression 0.675751 -0.324107 0.473920 0.098981 -0.503639 0.850682 0.699934 -0.499626 -0.065477 0.144967 -0.172206 -0.258102 -0.734708 0.106430 -0.389296 0.273289 -0.067402 0.130365 0.577295 0.609884 0.225070 0.576899 0.660428 0.161699 -0.532852 -1.096030 0.269308 0.215761 -0.783435 0.726550 -0.684279 -0.024538 -0.337790 -0.042245 -0.076611 0.651300 -0.634788 0.016735 0.352392 -0.188285
ReferenceType -0.062380 -0.157350 0.781215 -0.832144 -0.830857 0.856826 0.455770 -0.782760 0.119072 -0.515522 0.466104 0.075810 -0.793069 0.176717 -0.478840 0.311234 0.384336 0.513258 0.312291 -0.074213 0.120106 0.246150 0.159693 -1.340942 0.576854 -0.378416 -0.685276 1.048066 0.122439 -0.583660 0.151854 -0.252058 -0.709893 -0.010017 0.482169 0.657461 0.398319 1.042455 0.216517 0.734172
BinaryOperation -0.114232 0.243110 -0.187721 0.056927 -0.206543 -0.429243 0.999254 -0.150583 -0.406165 -0.284604 -0.897878 0.032102 1.161666 -0.066105 0.105048 -0.698225 -0.028598 0.173014 -0.324994 -0.099848 0.914348 -0.251994 0.700089 -0.947414 0.543018 -0.428597 0.876139 -0.137694 -0.695791 -0.056428 -0.086619 -0.013845 -0.173175 0.753417 -0.220837 -0.425111 -0.655570 -0.011478 -0.335146 -1.276666
VariableDeclarator -0.677277 -0.115204 -0.759457 -0.720309 -1.216809 0.143779 0.476753 -0.477604 0.854442 -1.113912 0.398988 0.450863 -0.291520 0.371611 -0.909696 0.267467 1.043554 -0.245062 -0.604750 -0.431871 0.879179 -0.174392 -0.240051 -1.113208 -0.323880 -0.520970 -0.472023 0.010410 0.780428 0.040603 -0.212680 0.079526 -0.835246 -0.250701 0.631315 -0.007348 0.297078 0.701518 0.559317 0.082359
Import 0.110279 -0.524727 -0.103359 -0.753776 0.028060 0.340762 0.007795 0.319150 0.557092 -0.465440 0.641560 -0.426633 -1.740235 0.290714 -0.045917 0.794195 2.285646 -0.865965 1.010097 0.737751 -0.276157 -0.185853 -1.065026 -1.936081 0.475104 0.586067 -1.563846 -0.542751 0.919184 -1.148994 0.787557 1.534234 0.088623 -0.805002 1.500959 -0.305964 0.030951 0.031736 -0.681097 0.488337
+ -0.056746 -0.247965 0.647305 0.399327 -0.481537 0.784077 1.471037 -0.430888 -0.019932 0.085320 -1.146254 -0.047496 0.567146 0.014419 -0.329350 -0.218322 -0.089088 0.779992 -0.141355 -0.011245 0.605253 0.034606 0.476956 -0.402810 -0.025780 0.028729 0.993491 0.525219 -1.257229 0.705900 -1.001408 0.213097 -0.650603 0.790270 -1.043312 -0.603672 -0.428002 0.129355 -0.506001 -0.448626
FormalParameter 0.911068 0.146210 1.288175 -0.840665 -0.490136 0.722981 0.266466 -0.456223 0.123581 0.658003 -0.136107 -0.371914 -0.299735 -0.131086 -0.520731 0.666725 -0.053295 0.280025 0.989235 0.342264 0.743992 0.500579 0.098197 -0.768166 0.463287 -0.133244 -0.415479 -0.113812 0.797400 0.129494 -0.038436 -0.458154 -0.328135 -0.095268 0.809962 -0.190777 0.959833 0.666332 -0.248753 0.258568
MethodDeclaration 0.662056 -0.047671 1.630862 -0.337531 -0.353659 0.546461 0.303288 -0.566691 0.093732 0.089113 -0.232895 0.226191 -0.537782 -0.405885 -0.601382 0.608343 -0.032015 0.116241 0.469578 0.065623 0.421961 0.327007 -0.009619 -0.566119 0.490454 0.457639 -0.224748 -0.124873 0.551232 -0.327605 -0.119869 -0.250234 -0.365361 0.001263 0.126846 -0.182127 0.992703 0.689842 -0.296509 0.161095
BasicType -0.378970 0.006095 -0.212050 -0.352630 -1.050271 -0.198052 0.110654 -0.591849 0.814009 -0.326818 0.181182 0.046823 0.380565 -0.199910 -1.037091 0.534766 0.023449 -0.167920 -0.099213 -0.420649 1.387008 -0.149115 -0.489392 -0.598352 -0.546843 -0.089981 -0.517099 -0.720528 1.370321 0.373435 -0.128384 -0.036138 -0.449477 -0.120002 0.698074 -0.127830 0.879997 0.331643 -0.155296 -0.436820
Assignment 0.454521 -0.393892 0.177646 -0.141301 0.345872 0.114346 -0.156619 -0.713566 -0.354939 -0.049864 0.331194 0.381764 -0.460834 -0.035976 0.048795 -0.135145 -0.497077 0.111625 0.157741 0.239323 0.319374 0.878042 0.687893 0.653282 -0.994733 -0.942918 0.213364 -0.636566 -0.290584 0.647045 -0.321731 -0.934917 0.219096 0.246547 0.277708 1.352178 -0.275374 0.121965 0.404823 -0.221603
LocalVariableDeclaration 0.144900 -0.437999 -0.031185 -0.794916 -1.184045 0.198957 0.495732 -0.692212 -0.284196 -0.576894 0.179328 1.210765 0.160781 -0.140872 -0.699418 1.056629 0.006577 0.149826 -0.677937 -0.432048 1.061056 0.168843 -0.607624 -0.066413 0.093912 -0.368590 0.456798 1.090464 0.499389 -0.139640 0.581924 -0.423196 -0.770632 0.445074 -0.396895 0.376948 0.351065 0.367747 0.594201 -0.250338
FieldDeclaration -0.248564 0.051671 -0.816359 0.164420 0.177412 0.079266 0.055954 -0.367865 1.145539 -1.467865 0.512051 -0.806204 -1.005153 0.471482 -0.729599 -0.519274 1.440889 0.593577 -0.070504 -0.609174 0.096320 -0.604270 -0.086137 -1.365659 0.270608 -0.034834 -0.779111 -1.439537 0.292695 -0.291186 -0.583114 0.465662 -0.152277 -0.629214 1.998795 -0.358557 0.630874 0.677946 0.222027 1.089266
IfStatement 0.617856 0.782005 0.673043 -0.047088 -0.293223 -0.161756 0.491683 -0.222568 -1.166704 -0.557194 0.306916 0.450670 -0.233748 -0.245676 0.155002 0.033754 -0.404489 -0.459600 0.370665 0.378746 -0.004597 0.473847 0.406015 -0.770601 0.838513 -1.095990 0.166182 0.200057 -0.247140 -1.202140 0.065351 0.146171 0.479421 -0.079478 0.026365 0.549621 -0.475908 -0.197009 0.016618 -1.034198
BlockStatement -0.161623 0.497765 -0.087550 -0.111048 -1.029728 0.392714 0.312757 -0.145468 -1.007570 -0.480419 0.276846 0.935554 0.098628 -0.244806 0.011680 0.298906 -0.780248 -0.352007 -0.639305 0.072941 0.420641 0.176385 -0.130904 0.434475 -0.021124 -0.895379 0.505499 0.425847 -0.095855 -0.315942 -0.400137 -0.111225 0.128952 -0.096499 -0.777086 0.363245 -0.387995 -0.345300 0.550710 -0.829910
ClassCreator -0.190861 -0.450305 -0.073423 -0.458339 -0.438089 1.315568 0.468697 -0.908724 0.378434 -1.174607 0.325159 0.850563 -0.626516 0.387025 0.044139 -0.275450 0.236892 1.102988 -0.225015 0.349147 0.270742 0.374551 0.345089 -0.149282 -0.444235 -0.280169 -0.281236 0.190755 -0.692650 -0.001601 -0.474677 -0.014191 0.205503 0.082837 0.198635 0.679170 0.377699 0.230111 0.582093 1.047680
ReturnStatement 0.568446 0.664248 0.862668 0.817229 -0.422000 -0.427888 -0.322044 -0.656696 -0.112674 0.054409 -0.407517 -0.615933 0.291848 -0.531295 -0.749954 -0.015236 -1.194111 0.447650 0.237049 -0.432953 0.289804 -0.286411 0.310648 0.383953 1.229870 -0.371189 0.325102 0.323115 0.252495 -0.668660 0.146717 -0.738361 -0.271911 -0.148954 0.105055 0.227109 0.913064 0.218975 0.209825 -0.081680
++ -0.670762 -0.179805 -0.576826 0.734684 -1.549657 0.373050 0.831282 -0.564114 -0.108224 -0.724594 -0.047045 0.460223 0.546540 -0.243323 -0.201831 -0.008328 -1.162259 0.187301 -0.665072 0.178858 0.944966 -0.209530 0.447644 0.301837 -0.987632 -0.936619 0.427629 0.728358 -0.878366 0.471344 -0.543706 0.580844 -0.142170 0.237971 -1.073783 0.848412 -1.018065 -0.656282 0.546095 -1.266043
This 0.504347 0.582164 1.411342 -0.808387 -0.043795 1.002563 -0.106916 -0.428902 -0.840731 0.122561 -0.249196 0.184706 -1.151652 -0.213289 0.183899 -0.693827 -0.132429 -0.387765 0.261734 0.666777 0.210609 0.691459 0.876687 0.129792 0.626711 -0.907700 0.175368 -1.268321 -0.083739 -0.415642 -1.115543 -1.554083 0.280117 -0.499111 0.559186 0.348040 0.483107 0.792093 0.471667 -0.025132
ArraySelector 0.990629 0.254585 -0.052895 0.257776 0.080414 -0.062682 0.727114 -0.326594 0.647538 -0.429488 -0.108275 1.663435 0.616153 0.155160 0.242585 0.294239 -0.201643 0.396808 -0.147040 0.629157 0.150844 1.015658 0.878267 -0.219562 -0.963954 -0.141371 0.072755 0.870213 -0.296496 0.284863 0.196990 0.915828 0.991123 0.360761 -0.639293 -0.013957 0.378379 -0.877229 0.376205 0.093839
== 0.770596 0.070787 0.546197 0.364779 0.015690 -0.223809 0.417275 -0.598350 -0.974103 -0.526720 -0.161079 0.229391 -0.013858 -0.552045 0.161306 -0.163155 -0.619454 0.377989 0.227540 0.308293 0.654088 -0.049512 0.335656 -0.715179 0.607487 -0.290196 0.244706 -0.144863 -0.559815 -0.900187 0.503906 0.491300 0.791122 0.432644 0.442544 0.561503 -0.058311 -0.362805 -0.515347 -0.860298
ClassDeclaration 0.273201 -0.473822 -0.190950 -0.307416 0.126421 0.312439 -0.186970 -0.149839 0.515121 -0.472741 0.439958 -0.692648 -1.306445 0.235852 -0.269625 0.235918 1.185489 0.062091 0.752960 0.311581 0.035788 -0.204486 -0.483713 -0.982135 0.279230 0.125907 -0.959292 -0.888403 0.420235 -0.500782 0.284726 0.573651 0.018242 -0.499142 1.578294 0.147095 0.200845 0.251659 -0.227000 0.604454
PackageDeclaration -0.228319 -0.715376 -0.201862 -0.661134 0.702949 0.275467 -0.402095 0.489240 0.712028 0.035709 0.381797 -0.624617 -1.069366 0.297227 -0.001835 0.558632 2.082004 -0.314482 0.714491 0.220508 -0.508710 -0.402736 -1.496744 -0.970565 0.408618 1.426191 -1.128667 -0.953955 0.870319 -0.561100 0.515625 0.958930 -0.034312 -0.437393 1.220580 -0.840961 0.469453 0.160497 -0.937342 1.056541
< -0.749701 0.078168 -0.764822 -0.196273 -1.021191 -0.482825 0.548721 0.021754 0.257192 -0.451842 -0.012528 0.993008 1.094010 -0.265295 0.180131 -0.106467 -0.346797 -0.488706 -0.754116 0.170950 1.180248 -0.166120 0.280102 -0.689554 -0.889982 -0.022504 -0.294363 -0.038273 0.444947 0.148910 0.237726 0.534451 0.245646 0.289164 -0.418139 0.110608 -0.367506 -0.498274 0.125178 -1.286609
ConstructorDeclaration 0.633358 -0.056812 0.130056 -0.919708 0.071890 1.223751 -0.011322 -0.179976 0.385533 0.254176 0.275130 -0.979251 -0.880998 0.443956 0.006818 -0.152298 0.561633 0.753204 0.963016 0.640087 0.451820 0.202133 0.402564 -0.726086 0.055630 -0.393526 -0.748992 -1.164277 0.179041 0.508449 -0.569582 -0.349500 0.005561 -0.428877 1.900823 -0.044066 0.547170 0.582782 0.187883 1.024127
!= 0.020921 0.944225 0.381965 -0.336401 0.135750 -0.232016 0.154284 0.177724 -0.455911 -0.166972 -0.107816 0.844175 0.288050 0.325911 0.277169 -0.282511 0.099525 -0.830199 -0.031209 0.313690 -0.613821 0.757761 0.285480 -0.104983 0.266917 -0.565799 0.421170 0.064001 -0.051378 -0.620023 -0.482394 -0.270712 0.331742 -0.130896 -0.744329 -0.290189 -0.074656 -0.044376 -0.018292 -0.461951
ForControl -1.467451 -0.638914 -0.077784 -0.194388 -0.705734 -0.540603 -0.111622 -0.403056 0.778011 -0.306308 0.020301 0.525554 0.695700 -0.031106 -0.442600 0.352936 0.103566 -1.174725 0.039671 0.150204 0.404662 0.172780 -0.574742 0.141870 -1.525679 0.300377 -0.636050 -0.137989 0.618071 0.209857 0.276771 0.459693 -0.263118 0.280332 -1.089508 0.661632 -0.243703 -0.156453 -0.949120 -1.239542
ForStatement -1.272295 -0.841731 -0.101064 -0.053725 -0.594934 -0.553782 -0.126903 -0.489143 0.716594 -0.253362 0.018517 0.525927 0.556382 -0.053555 -0.480080 0.387441 0.101642 -1.007104 0.130361 0.213230 0.324039 0.144310 -0.597600 0.348970 -1.312673 0.276235 -0.472957 -0.135252 0.454941 0.184300 0.263518 0.350185 -0.298886 0.256705 -1.065223 0.700185 -0.179139 -0.206902 -0.892796 -0.993191
VariableDeclaration -1.551842 -0.579275 -0.145624 -0.175321 -0.859950 -0.740016 -0.070725 -0.394292 0.763039 -0.299697 0.054815 0.585089 0.870121 -0.093448 -0.478652 0.358352 -0.006625 -1.258354 -0.011314 0.110936 0.517848 0.113345 -0.558246 -0.088845 -1.426159 0.233423 -0.615309 -0.084829 0.751447 0.121561 0.265960 0.430267 -0.335252 0.278813 -1.077021 0.640089 -0.254841 -0.128030 -0.976689 -1.384126
CatchClause 0.602679 -0.388136 0.553799 0.237282 0.567165 0.151393 0.411827 -0.952936 0.281481 0.094372 -0.867523 0.118749 -0.032599 0.629459 -0.864928 -0.074219 0.611814 0.311757 0.598528 0.160743 -0.590397 0.863964 0.175901 1.061361 0.068401 -0.857532 1.289228 0.799724 -1.037177 0.369136 -0.318955 -0.673574 -0.508501 0.321327 -0.740591 0.095997 0.414311 0.231548 -0.231627 0.570215
CatchClauseParameter 0.509766 -0.394345 0.475416 0.342167 0.448531 0.145014 0.404146 -1.045837 0.265454 -0.064467 -0.866870 0.077264 0.020352 0.668224 -0.998587 -0.028250 0.695401 0.214641 0.612289 0.250951 -0.451525 0.844954 -0.074012 1.133171 0.084341 -0.947841 1.349537 0.708373 -1.032203 0.273890 -0.303173 -0.575847 -0.576517 0.262333 -0.812145 0.127887 0.408462 0.121111 -0.305810 0.390490
Cast 0.180209 0.028387 0.066606 -0.732533 -0.555491 -0.171647 0.621917 -0.195359 -0.563027 0.044977 0.170661 1.068906 0.148790 0.146497 -0.179011 0.484716 0.245588 -0.350569 -0.414864 -0.186026 0.034155 0.586858 0.294944 -0.695317 0.092261 -0.818705 0.345156 2.012011 0.000134 -0.286556 0.686803 -0.380404 -0.493238 0.509579 -0.549240 0.569663 -0.439783 0.368416 0.431412 -0.297715
TryStatement 0.886721 0.477562 0.328162 -0.436526 -0.286677 0.756923 0.663662 -0.800177 -0.531201 -0.453250 -0.144372 0.846569 -0.255922 0.474313 -0.915194 0.503867 0.207721 0.534628 -0.225163 -0.336458 0.074461 0.919083 -0.315430 0.838881 0.504244 -1.427478 1.549099 0.661053 -0.322162 0.247999 -0.845037 -0.904382 -0.537557 -0.083391 -0.349283 -0.443669 0.796309 0.416405 0.742578 0.635939
- 0.645852 -0.464051 -0.902699 0.490743 0.260718 -0.664114 -0.018841 -0.145991 -0.385393 -0.405375 -0.083951 -0.549146 0.476677 -0.312632 -0.031316 0.114271 -0.290865 0.842087 -0.177429 -0.429536 0.993487 -0.716115 -0.144977 0.085931 0.296033 -0.050946 0.589291 -0.874097 -0.167234 0.211564 0.654361 0.085467 0.008512 0.603479 0.968540 0.176892 -0.293390 -0.352990 0.026898 -0.604104
ClassReference 0.133266 -0.514644 0.354959 -0.364585 -0.298504 0.824547 1.275109 -0.107065 0.065130 -0.605638 -0.358579 0.164846 -0.786852 0.118402 -0.040376 0.133703 1.479273 0.451905 -0.118307 0.094143 0.294220 -0.294070 0.068321 -1.934474 0.700839 0.602043 -0.176294 0.643643 -0.557608 -0.578099 0.065074 0.870029 -0.393549 0.392783 0.309017 -0.504038 -0.325895 0.465446 -0.263064 0.364847
SwitchStatementCase -0.164914 -0.318735 0.172709 1.381175 0.803699 -0.384023 -1.372283 -0.211040 -0.071395 0.244167 0.492560 -1.122014 -0.475083 0.024945 -0.133785 0.030357 -0.953027 0.233305 0.858956 0.017266 -1.598456 0.009551 -0.452025 1.860883 -0.056603 -0.081086 -0.115180 0.325685 -0.634336 -0.261202 0.122206 -0.075211 0.129727 -0.375715 -0.480288 1.228683 -0.222506 -0.455704 -0.254183 0.681855
BreakStatement 0.265108 -0.679378 -0.910740 1.258991 1.152682 -0.700587 -0.713619 -0.237251 -0.858517 -0.336917 0.671574 -0.960117 -0.441857 0.314819 0.183301 -0.237457 -0.619449 0.562542 0.489709 -0.114068 -1.051878 -0.134792 -0.161278 1.337970 -0.291196 -0.881926 0.591527 0.348273 -1.345023 -0.057630 0.548316 0.179810 0.164252 0.264160 0.253758 1.644234 -1.332630 -0.523216 -0.067349 -0.098549
ArrayCreator -1.023325 0.370082 0.857760 0.495829 -0.395201 -0.184651 -0.513185 -0.308008 0.603954 -0.156495 0.621078 -0.484320 0.039385 -0.217551 -0.503281 -0.051580 -1.012745 0.177051 -0.045461 -0.970951 -0.669824 -0.311549 0.066157 -0.131907 -0.007213 0.597330 -0.894524 0.579718 0.576388 -0.134363 -0.361061 -0.191625 -0.586331 -0.206455 -0.413596 0.333537 0.578343 0.883509 -0.243365 0.620710
WhileStatement 0.011545 0.470814 -0.284331 -0.544524 -0.361362 0.453934 -0.035782 0.836295 -0.644047 0.536910 0.295244 0.895662 -0.024805 -0.059500 0.306885 0.543875 -0.432568 -0.352938 -1.145909 -0.521638 -0.120956 0.171601 -0.353962 0.738576 -0.175105 -0.099154 0.546388 0.781863 0.469151 0.658682 -0.427961 -0.607933 -0.195268 -0.233214 -0.738112 -0.741324 0.016551 0.154848 1.098695 0.269849
ArrayInitializer -0.767707 0.316203 1.073745 0.662656 0.023322 -0.128763 -0.494727 -0.254158 0.755191 -0.141353 0.270695 -0.785669 -0.047544 -0.110877 -0.378069 -0.432589 -0.807232 0.702779 0.007443 -1.133830 -0.996239 -0.557824 0.297948 -0.484117 0.584332 1.016580 -0.782656 0.856748 0.165942 -0.384582 -0.225728 -0.173512 -0.666381 -0.067778 -0.202341 0.022978 0.756477 1.157623 -0.361818 1.197415
* 0.435641 -0.315394 -0.984702 0.657715 0.064767 -0.402594 0.355080 0.061181 0.282967 0.102298 -0.814538 -0.794437 0.845722 -0.258374 -0.204048 -0.158184 0.056104 1.286366 -0.623770 -0.695507 1.065510 -1.034549 0.196116 0.225212 0.593523 0.392987 0.931064 -0.502347 -0.353016 0.732221 0.205759 -0.182253 -0.444311 0.610860 0.577232 -0.709492 -0.045212 -0.178584 0.525756 -0.007219
/ 0.031827 -0.489248 -1.028554 0.745425 0.191532 -0.527724 0.226487 0.050305 0.221423 -0.094020 -0.605582 -0.777789 0.956425 -0.234624 -0.011494 -0.229981 -0.010063 1.239657 -0.573320 -0.700563 0.856803 -1.172427 -0.089567 0.026383 0.446639 0.702404 0.633160 -0.414181 -0.391817 0.508737 0.450270 0.204788 -0.233676 0.727669 0.471599 -0.545834 -0.138821 -0.316565 0.032900 -0.095059
SuperConstructorInvocation 0.640290 -0.441385 0.870151 -1.082545 0.153371 1.057183 -0.303325 -0.197436 0.541201 0.911056 0.038340 -0.544759 -1.074176 0.022252 0.050198 0.142527 0.411532 0.132697 1.000753 0.818329 0.339206 0.459765 0.418883 -0.144060 -0.343260 -0.016180 -0.870164 -0.992947 0.544125 0.689943 -0.179676 -0.727571 0.025466 -0.409422 1.227345 0.239667 0.707656 0.605037 0.065489 0.804844
SuperMethodInvocation -0.417754 0.118101 1.237793 0.447675 0.073595 -0.264541 -0.687557 0.291133 -0.042753 0.925490 0.091302 -1.027796 -0.153912 -0.616871 0.027041 0.183619 -0.935884 -0.218361 0.349223 -0.668925 -0.832118 -0.379058 -0.116793 0.410313 0.618467 0.805741 -0.524969 0.303105 0.371699 -0.176242 0.067320 -0.538038 -0.423971 -0.246097 -0.570843 0.154901 0.101806 0.464682 -0.367078 0.270380
<= -0.126875 0.430028 0.151450 -0.100983 0.161735 -0.320648 -0.376359 0.629208 -0.263312 0.681883 -0.325110 0.145245 0.558723 -0.408022 0.508899 -0.357025 -0.514623 -0.586495 -0.365798 0.047790 0.121041 -0.161511 0.126331 0.368005 0.219310 0.489751 0.069056 -0.344160 0.400203 -0.076172 0.057103 -0.393259 0.316687 -0.109099 -0.371013 -0.554993 0.113348 -0.179077 -0.010539 -0.464747
<< -0.606867 0.324713 -1.885911 0.785602 0.663968 -1.081395 0.218256 0.445095 1.087291 -1.075030 -0.175725 0.185714 1.118627 0.445324 0.101523 -0.959821 0.691843 0.176323 -0.897617 -0.547806 0.040211 -0.518876 0.082705 -0.391671 -0.837080 0.355268 0.027426 -1.207267 -0.230579 0.473256 -0.393962 1.049893 0.670391 0.148032 0.260980 -0.907513 -0.177989 -0.763950 -0.175267 -0.084103
>= 0.074750 0.372761 -0.596295 -0.044835 0.475469 -0.440753 -0.493100 1.114724 -0.554117 0.664720 0.148295 0.269847 0.394627 -0.137402 0.710657 0.077013 -0.472950 -0.611826 -0.487809 -0.111102 -0.287055 -0.134821 -0.239965 0.393568 -0.146548 0.460623 0.226742 -0.100984 0.463493 0.274659 0.155877 0.112406 0.416839 -0.025964 -0.229238 -0.726954 -0.366370 -0.351871 0.058719 -0.369552
! 0.366947 0.555146 0.019631 0.054173 -0.001972 0.235603 0.066486 0.685720 -1.174506 0.489002 0.155621 0.265765 -0.464345 -0.113947 0.134889 0.483956 -0.161253 -0.541870 -0.512895 -0.447709 -0.414210 0.179814 -0.579076 0.925611 0.635155 -0.318326 0.807467 0.486502 0.151921 0.031556 -0.373160 -0.395206 -0.229303 -0.397019 -0.692564 -0.603387 -0.413259 -0.190812 0.730546 -0.056593
% 0.488514 0.004318 -0.048246 0.230265 0.382454 0.079881 0.455864 0.373861 -0.315393 0.352793 -0.718508 0.137012 0.534527 -0.297519 0.692963 -0.380302 -0.097688 0.608063 -0.323793 0.246697 0.345297 -0.260270 0.389906 -0.284843 0.425252 0.677182 0.428687 0.149045 -0.625467 -0.032568 0.296603 0.435259 0.623559 0.468205 -0.090354 -0.709261 -0.097008 -0.512632 -0.131438 -0.078330
SynchronizedStatement 0.032726 0.643056 -0.326655 0.243884 -0.167671 0.319408 -0.298895 0.529520 -0.784605 0.220069 -0.074474 -0.082857 -0.595026 -0.009679 0.046750 -0.150033 -0.224383 -0.620440 -0.606414 -0.130830 -0.474095 -0.128891 -0.139411 1.218582 0.649916 -0.682606 0.750656 0.141464 -0.179395 -0.092497 -0.695256 -0.539579 -0.206028 -0.726570 -0.503612 -0.473078 -0.287774 -0.085203 0.979287 0.026765
&& 0.054882 1.156421 -0.210863 -0.037214 0.630144 -0.555712 -0.155905 1.161573 -1.115473 0.226999 -0.118630 0.207527 0.159290 -0.003807 1.165991 -0.812833 -0.054407 -0.947732 -0.489091 0.132683 -0.861606 -0.041991 0.549374 -0.286342 0.989913 -0.266714 0.444406 -0.138861 -0.412430 -0.860682 -0.132634 -0.164830 0.710297 -0.237824 -0.368921 -0.596527 -0.912053 -0.314585 0.368135 -0.663762
instanceof -0.565378 0.176697 -0.190004 -0.736399 -0.585517 0.063360 0.080352 0.547011 -0.796386 0.259709 0.452531 0.132858 0.217032 -0.079249 0.588630 0.083072 -0.146562 -0.214633 -0.371089 -0.183218 -0.081437 -0.342107 0.142273 -0.798061 0.590720 -0.161697 -0.343571 1.491566 0.100698 -0.589552 0.861505 -0.221235 -0.313385 0.172409 -0.119871 0.397510 -0.799073 0.288893 0.390576 -0.272168
> 0.128631 0.173896 -0.521380 -0.350129 -0.036750 -0.344481 -0.114814 0.656963 -0.577614 0.175633 0.129050 0.090499 0.164064 -0.182435 0.482117 0.112990 0.032132 -0.468216 -0.302389 0.011360 0.188289 -0.243704 0.033576 -0.052399 0.308593 -0.149520 0.081531 -0.113521 0.279391 -0.092332 0.532311 -0.163137 0.025341 -0.033703 0.162632 -0.097626 -0.543291 -0.237936 0.448671 -0.558264
& -0.060581 0.795236 -0.601232 0.746242 1.109954 -0.627622 0.381592 0.895975 0.353936 -0.035129 -0.740271 0.514267 1.196114 0.259254 1.016377 -1.095854 0.172182 0.192059 -0.568688 0.224843 -0.925985 -0.085410 0.767139 -0.119598 -0.066667 0.665304 0.267856 0.224640 -1.137269 -0.140732 -0.200082 0.998046 1.108153 0.327112 -1.051116 -1.046388 -0.382711 -1.063379 -0.255861 0.124274
-- -0.410046 0.552062 -0.512119 0.473845 0.373136 -0.462476 -0.630132 0.861118 -0.671744 0.428932 0.036298 -0.054893 0.356038 -0.013060 0.489968 -0.216913 -0.599235 -0.895400 -0.354872 -0.083358 -0.779189 -0.065574 -0.290921 1.376164 -0.231301 -0.222664 0.589269 -0.218140 -0.160185 0.217653 -0.384332 -0.059577 0.230648 -0.252915 -0.946342 -0.317911 -0.748871 -0.623298 -0.019839 -0.660982
SwitchStatement -0.722684 -0.143931 0.351137 0.761476 -0.261195 -0.321090 -1.170721 0.099042 0.343968 1.049408 0.100381 -1.102288 -0.001189 -0.409472 -0.355560 0.374483 -0.947599 -0.481684 0.477280 -0.066010 -0.611860 -0.369866 -0.704063 1.539173 -0.223604 0.400545 -0.523042 0.479398 0.532612 0.097049 0.355458 -0.204502 -0.346517 -0.532707 -0.811720 0.530591 0.089587 -0.281820 -0.245665 0.009325
TernaryExpression -0.001401 -0.029487 -0.884384 0.193831 -0.135462 -1.110074 -0.295107 0.772089 0.367569 0.822987 -0.630295 -0.699125 1.254628 -0.575423 0.321003 -0.218352 -0.346072 0.039503 -0.700409 -0.435619 0.871205 -1.102271 0.304517 -0.011273 0.422218 0.697011 0.066335 0.011955 0.527515 0.337522 1.126084 -0.273559 -0.174562 0.233945 0.279290 -0.633727 -0.131814 -0.241022 0.454982 -0.527638
ExplicitConstructorInvocation 0.374410 -0.290768 0.164179 -0.581592 0.728896 0.958389 -0.555929 0.189284 0.806915 0.844209 0.351808 -0.984856 -0.958240 0.746751 0.273733 -0.116260 0.439166 0.410587 1.320393 0.798046 -0.648981 0.497072 0.240815 0.097386 -0.664382 0.095971 -0.949882 -0.762718 0.017256 0.888767 -0.519990 -0.077333 0.201762 -0.538010 1.152727 0.079048 0.353613 0.325470 -0.233815 1.445698
ThrowStatement -0.427337 0.310545 -0.021441 -0.258692 -0.016963 0.818085 0.064513 -0.051502 -0.186222 -0.233988 0.217606 0.860322 0.671646 0.290925 0.547302 -0.414170 -0.749436 0.980131 -0.567638 -0.026591 -0.232002 0.204457 0.146797 0.287716 -0.030502 0.360202 0.138151 0.755093 -0.473949 0.099170 -0.370832 -0.077579 0.402951 0.268886 -0.677241 -0.374810 0.536532 -0.001609 0.181738 0.866188
InterfaceDeclaration -0.104308 -0.351471 1.041864 -0.628398 0.980276 0.327807 -0.785608 0.672847 0.071527 1.320109 0.151999 -0.739699 -0.651548 -0.140564 0.327305 0.409508 0.729521 -0.192515 0.858867 0.010216 -1.054306 -0.062263 -1.069998 0.142423 0.572363 1.684967 -0.771338 -0.375246 0.820802 -0.209072 0.399463 -0.139617 -0.130682 -0.261879 0.261411 -0.695734 0.754935 0.389641 -0.981363 1.128580
|| 0.422465 0.466559 0.337845 0.046238 0.084732 -0.811951 0.141062 0.398938 -0.866570 0.339231 -0.326574 -0.551434 0.947294 -0.776929 0.655409 -0.260504 -0.660064 0.353022 0.062698 -0.163892 0.678885 -0.835203 0.222199 -1.324835 1.477906 0.724281 -0.114270 -0.156817 0.193168 -0.949040 1.067721 0.282296 0.509770 0.533191 0.729899 -0.517538 0.006138 -0.136018 -0.695952 -0.808740
+= -0.228455 -0.103938 -0.712608 0.335208 0.898813 -0.289171 -0.806165 0.597968 -0.354358 0.527932 0.245382 0.011843 0.242183 0.167898 0.667794 -0.400519 -0.722271 -0.081047 -0.201345 0.067868 -0.738655 0.116605 0.010868 1.594128 -0.864347 -0.058880 0.354462 -0.219278 -0.394113 0.708699 -0.090690 -0.378988 0.508899 -0.046666 -0.420982 0.321605 -0.469997 -0.476816 0.206502 0.131879
-= -0.372103 -0.131371 -0.658698 0.306348 1.028563 -0.377704 -0.923498 0.478871 0.026974 0.318419 0.473018 0.251811 0.291003 0.238958 0.642762 -0.246847 -0.549746 -0.161277 -0.072205 0.138432 -0.814497 0.278830 -0.252490 1.319560 -1.293138 0.362792 -0.051445 -0.587638 -0.039092 0.661495 -0.168751 -0.006886 0.716543 -0.035963 -0.366206 0.245358 -0.152404 -0.540608 -0.227557 0.254737
ConstantDeclaration -0.299339 0.113652 0.247652 -0.385465 0.263693 -0.225123 -0.682616 0.652459 -0.292770 1.053962 0.061508 -0.352318 0.186241 -0.288010 0.382938 -0.074112 -0.256317 -0.405542 -0.078109 -0.157646 -0.196607 -0.256752 -0.079684 0.451710 0.156099 0.649474 -0.382024 -0.044691 0.656668 0.033751 0.465637 -0.559578 -0.005927 -0.206376 -0.102771 -0.175430 0.141384 0.074935 0.018292 0.028906
Statement 0.961051 0.293036 -0.428882 0.696365 1.122087 -0.535636 -0.218185 0.495998 -0.230305 -0.301069 0.415292 0.459973 -0.362181 0.137002 0.651546 0.112601 0.335745 -0.094035 0.170524 0.357756 -1.096265 0.389830 -0.001139 0.282910 -0.041808 -0.056737 0.161585 0.254102 -0.403282 -0.461559 0.465021 1.013840 1.016677 -0.106523 0.000560 0.071861 -0.348561 -1.015005 0.182852 0.282691
*= -0.452447 0.270775 -0.596310 0.329527 1.027050 -0.660122 -1.315432 0.767459 -0.019600 0.560575 0.502399 0.004092 0.444816 0.019794 0.610655 -0.317825 -0.869409 -0.319572 -0.272768 -0.238200 -0.791925 0.009853 -0.316952 1.465701 -0.874380 0.494832 -0.082890 -0.813576 0.410602 0.480050 -0.185758 -0.404597 0.634043 -0.271547 -0.154887 -0.026184 0.094111 -0.389487 -0.099259 0.240846
| -0.692735 -0.263981 -1.037798 0.438652 0.862524 -0.843668 -0.314400 0.710557 0.338815 0.404215 -0.370944 -0.402765 1.040129 0.069516 0.587016 -0.749466 -0.027761 0.008482 -0.379811 -0.228978 -0.210359 -0.522120 0.060319 0.484412 -0.607668 0.722822 0.123110 -0.573929 -0.333705 0.625856 0.270936 0.126387 0.343375 0.350892 -0.261478 -0.340926 -0.505407 -0.538501 -0.424313 -0.275373
>>> -0.279095 0.261191 -0.458260 0.261405 1.014885 -0.854880 -0.514095 1.103414 0.105650 0.691042 -0.215958 -0.032434 1.004035 -0.108921 1.144340 -0.547435 -0.197923 -0.063845 -0.252194 0.162825 -0.720351 -0.462400 0.154824 0.126988 -0.074275 1.096485 -0.316247 0.081549 -0.065358 -0.064927 0.658254 0.451827 0.838917 0.187647 -0.381831 -0.540158 -0.192485 -0.690598 -0.336854 0.066212
ContinueStatement -0.157591 0.480176 -0.305425 -0.045569 0.246657 -0.557812 -0.547213 1.192881 -0.870553 0.916311 -0.034759 0.132152 0.451730 -0.473190 0.824615 0.056165 -0.472705 -0.825858 -0.503153 -0.118372 -0.366126 -0.397138 -0.441791 0.664234 0.519193 0.539685 0.154627 0.156350 0.493508 -0.283559 0.608716 -0.113415 0.414332 -0.193703 -0.627011 -0.614769 -0.309819 -0.580007 0.172726 -0.502207
%= 0.298960 -0.235935 0.144867 -0.106894 0.825670 0.162033 -0.243967 0.082577 -0.216696 0.678595 -0.343826 0.022170 -0.023046 0.337101 0.132422 -0.125972 0.236130 0.004964 0.271431 0.261010 -0.592046 0.484704 -0.049285 1.183220 -0.161005 -0.163459 0.651407 -0.012924 -0.444503 0.482990 -0.116774 -0.716384 0.092970 0.036719 -0.333321 -0.048752 0.066103 -0.088287 -0.018358 0.443673
/= -0.358161 0.028822 -0.259835 0.133188 0.971484 -0.390258 -0.926994 0.556726 -0.263407 0.518075 0.346699 0.023541 0.301056 0.038895 0.628409 -0.238703 -0.535111 -0.173631 -0.023315 0.005299 -0.694435 0.076327 -0.282578 1.029289 -0.615405 0.491214 -0.041603 -0.591899 0.126747 0.254680 -0.011512 -0.315248 0.632983 -0.082295 -0.129579 0.127257 -0.041334 -0.352961 -0.286220 0.141030
^ 0.252465 0.704980 0.408058 -0.261877 0.480867 0.052047 -0.467303 0.570771 -0.908374 0.596822 -0.047570 -0.188251 -0.113709 -0.233261 0.637179 -0.455775 -0.488210 -0.270888 -0.067313 0.063510 -0.268240 -0.023191 0.206408 0.381834 0.757396 -0.063264 0.176941 -0.623586 0.090839 -0.361448 -0.203311 -0.773341 0.522926 -0.290403 0.205615 -0.280050 0.077655 0.049087 0.238731 -0.110785
<unk> 0.005833 0.032875 -0.002388 0.019079 0.023182 -0.026388 -0.016430 0.030872 -0.043972 0.032757 -0.012693 0.012263 0.038040 -0.014263 0.031859 -0.019403 -0.059213 -0.008012 -0.022880 -0.002438 -0.015085 0.002535 0.022775 0.050954 0.010389 -0.007728 0.032307 0.008954 -0.015649 0.004912 -0.000412 -0.031133 0.021606 0.008858 -0.042287 -0.003650 -0.019023 -0.023208 0.011963 -0.028800
