MemberReference -0.087207 0.715588 -0.740480 0.594168 0.403332 -0.026897 0.060023 -0.999715 0.679677 -0.659868 -0.117152 -0.699217 0.753733 -0.116402 0.582155 0.196581 0.161573 -0.029754 -0.000328 0.111915 -0.120991 0.415400 0.341427 -0.034005 0.001990 0.867340 -0.790235 -0.102967 0.457242 -0.618182 0.041526 -0.266520 -0.927272 -0.680650 -0.520553 -0.087144 -0.233572 0.433016 0.130905 -0.135150
MethodInvocation 0.219233 -0.382468 -0.036354 0.209431 -0.349378 0.686306 -0.753216 -0.048739 -0.866820 -0.885418 -0.288171 -1.378528 0.540244 -1.027156 0.302391 -0.258861 0.245702 -0.894711 0.517847 0.104903 0.166219 -0.286225 -0.486203 -0.424431 0.840284 0.469458 -0.331205 0.835884 -0.048882 -0.180890 1.048991 0.019855 -0.780350 0.395967 -1.036382 -0.334651 0.984739 0.182099 -0.339645 0.444899
Literal 0.088133 0.529684 -0.010013 -0.229593 0.374004 -0.122536 -0.245691 -0.126408 -0.811624 -0.207900 -0.183242 -0.509910 -0.094531 -0.902378 -0.097102 -0.176530 0.695344 -0.193961 0.039755 0.132556 -0.184531 -0.472351 -0.528654 0.019548 0.108320 -0.229516 -0.138712 -0.659688 0.896227 0.793195 0.803059 0.588124 -1.416289 0.352772 -0.355173 0.227461 -0.662752 0.762482 0.228608 0.421070
BasicType 0.400503 0.299518 0.481897 0.612975 -0.478853 0.592256 -0.577010 -1.180565 -0.082733 0.596022 -0.301973 -0.231240 -0.802909 -0.307523 0.660561 0.112993 0.863195 0.216722 -0.194443 -0.819279 -0.319934 -0.160546 -0.368895 0.787293 0.545272 -0.210541 0.480925 0.050551 0.133189 0.083858 -0.266564 -0.316270 -1.596022 0.401114 -0.440495 0.276668 -0.801039 -0.070013 -0.282650 -0.119727
StatementExpression 0.392513 -0.148412 0.040079 0.241564 -0.034562 0.025516 0.319280 -0.694460 0.387943 -0.137673 -0.015451 -0.929151 -0.095126 -0.811572 0.153610 0.173188 0.419807 -0.604573 1.246714 0.290576 -0.121020 0.059728 0.090114 -0.228380 -0.102093 0.857186 -0.697860 -0.684194 0.190715 -0.296369 -0.313488 -0.673554 -1.074933 -0.133408 -0.921268 0.093450 0.358465 0.436274 0.139218 0.018149
ReferenceType 1.295360 -0.336141 0.433857 0.680028 -0.616670 0.035664 0.238616 0.650353 -0.507281 -0.524281 -0.359678 0.142998 0.068051 -1.019716 0.833849 1.577567 0.856766 -0.371749 0.146083 0.700205 -0.509399 0.417040 -1.122897 0.280196 1.025227 0.084403 0.185411 0.038681 -0.559222 -0.250342 0.346931 -0.282040 -0.823279 -0.194089 0.791557 0.235924 0.253982 -0.345756 0.391504 -0.528956
BinaryOperation -0.626375 1.305755 -0.634706 -0.469243 0.569484 -0.114804 -0.689903 -0.143948 -0.172733 -0.870019 -0.725474 -0.608160 1.084937 0.202005 -0.763112 -0.482386 -0.811605 -0.541472 -0.919886 -0.171818 -0.766398 0.485146 0.335620 0.281650 0.316917 0.073394 -0.045004 0.777728 0.302473 -0.041057 0.912770 -0.053205 -0.904509 0.125507 -0.260761 -0.186230 -0.391764 0.505604 -0.455335 0.845374
FormalParameter 0.206471 -0.149904 -0.229920 0.955920 -0.356937 0.782820 -0.684439 -1.148754 1.055901 0.441231 -0.527960 -0.125865 -0.501125 -0.724639 0.380456 0.397654 -0.107555 -0.597419 0.081163 -0.274503 -0.336091 1.073794 -0.170802 0.518656 0.363124 -0.242251 0.817517 0.024692 -0.030705 -0.192265 -0.579246 -1.055439 -1.177241 0.413457 -0.584484 -0.299773 -0.395844 -0.695757 -0.226610 -0.159434
MethodDeclaration -0.202777 -0.379613 -0.227524 0.142804 -0.241251 0.671375 -1.366971 -0.356879 0.210332 -0.566116 -1.045423 0.353890 -0.910815 -0.935830 0.948336 0.279784 -0.650505 0.091725 0.251510 0.118131 -0.056590 0.765272 -0.117915 0.238622 -0.152932 0.303815 0.396274 -0.318573 -0.320322 -0.420610 -0.315272 0.079526 -1.271412 0.431497 -0.828206 -0.044947 -0.031210 -1.087788 -0.571723 -0.602389
VariableDeclarator 0.581963 0.357990 0.445737 -0.021964 -0.129223 0.274913 0.246919 -0.616679 -0.341674 0.206773 -0.313464 -0.618269 0.036379 -0.681615 0.028012 1.088343 1.781358 -0.267384 -0.725641 -0.221746 -0.450649 -0.016273 -0.938122 -0.087554 0.116309 -0.740216 0.782751 0.229736 0.074458 0.732519 0.019400 0.312722 -0.834632 0.764066 0.510016 -0.020958 -0.817544 0.092285 0.731684 0.089405
Assignment 0.192495 0.186647 0.300620 -0.221360 0.073701 -0.126868 0.440914 -0.340335 0.077839 -0.470383 0.092278 -0.152656 0.010910 -1.096036 -0.014272 -0.168160 0.197553 -0.017536 0.990489 0.074866 -0.737603 0.422254 0.766272 -0.039857 -0.701752 1.252252 -0.881924 -1.254774 -0.147753 -0.525640 -0.523903 -0.279785 -0.639418 -0.851992 -0.521699 0.295006 0.213443 0.417073 0.245994 -0.239253
ReturnStatement -0.036431 -0.106014 -0.838129 0.627829 -0.048446 0.492259 -1.517848 -0.170606 -0.248110 -1.187995 -0.241779 -0.096818 -0.331136 -0.752902 1.154366 -0.188690 -0.291583 0.613088 -0.498947 0.235137 0.109046 0.290523 -0.127626 0.303284 0.114136 0.723292 0.250165 0.097880 -0.020278 -0.946558 0.769374 1.036256 -0.863027 -0.124864 -0.888284 -0.141113 0.265172 -0.255747 -0.993574 -0.984847
+ -0.418442 0.480055 -0.204127 -0.008507 0.597943 0.130796 -0.513852 0.505072 -0.290801 -0.995293 0.382945 -0.582257 0.355286 -1.051340 -0.516513 -0.176160 -0.891481 -1.118307 -0.497531 -0.510393 -0.215264 -0.049680 0.809849 -0.710206 0.018049 1.421424 -0.554234 0.383038 0.497314 0.027209 0.411854 0.365925 -2.062320 0.184073 -1.348721 0.560126 -0.619956 0.528165 -0.625448 0.279640
ClassCreator 0.948967 -0.241044 -0.420721 0.780657 -0.033074 -0.213079 0.808438 0.581008 -0.692068 -0.584581 -0.135848 -0.025596 0.027628 -1.137080 0.755117 1.258856 0.521437 -0.297704 0.313053 0.787342 -0.107201 0.444063 -0.424103 -0.051343 0.541565 -0.555603 -0.356639 -0.463874 0.578801 -0.099668 0.360468 -0.055754 -1.727812 -0.705347 -0.274434 0.210636 -0.377991 -0.030874 1.165340 0.049724
FieldDeclaration 0.351766 0.217621 -0.804712 1.135972 0.075389 -0.346127 0.010553 -0.132567 0.155984 1.066796 0.200794 0.898386 -0.852797 -1.412505 1.257409 0.631601 2.224071 0.021871 -0.262875 0.554748 -0.825823 -0.464885 -2.026821 0.488466 0.517217 0.307670 1.546065 -0.790637 0.176358 1.068183 -0.288621 -0.293315 -0.318201 0.742875 0.360625 1.592124 -2.037598 0.410271 0.047545 -0.979008
LocalVariableDeclaration 0.852128 0.137311 0.560872 -0.354577 0.141666 0.682648 0.463031 -0.226470 -0.247474 -0.757387 0.161699 -0.847486 -0.127477 -0.685601 -0.326257 0.858720 0.458796 0.129739 -0.909141 -0.241903 0.222683 0.732444 0.305734 -0.282329 -0.005853 -0.414259 0.168860 0.748938 -0.491086 -0.075613 0.345173 0.673997 -1.033886 0.230318 -0.230167 -0.429130 0.217598 -0.400685 0.121838 -0.585636
BlockStatement 0.450617 0.246208 -0.008110 -0.037481 -0.247405 -0.443595 -0.285840 -0.054386 -0.331782 -1.040401 -0.137474 -0.805582 0.656905 0.410411 0.001775 0.935761 -0.009360 -0.135414 -0.032640 0.095141 0.201471 0.183223 0.534664 -0.044890 -0.194031 -0.265308 -0.619340 0.177231 0.142978 -0.706582 0.172262 0.403218 -1.086059 -0.360448 -0.085092 -1.039028 1.270183 -0.371731 0.123810 0.634143
ArraySelector -0.812189 0.011289 1.178358 0.496609 0.617299 0.091727 0.417603 0.376239 -0.925686 -0.315326 -0.119603 -0.795347 0.134547 -0.331950 0.704610 -0.901087 -0.266061 -0.240379 -0.246637 0.209802 -0.643413 0.697058 0.855832 0.482815 0.368308 1.002374 -1.799863 -1.625615 0.987334 -0.430663 0.762748 -0.513594 -0.860325 -0.271072 0.644548 -0.405702 -0.127948 0.269300 0.843955 -0.155901
Cast -0.074210 0.021831 0.439367 -0.667047 0.689639 -0.451786 -0.003039 0.063801 -0.775056 -0.949140 0.307532 -0.996857 -0.479986 -0.182854 -0.154883 -0.449975 1.193737 0.456921 -0.304669 -0.368531 -0.093024 -0.488064 -0.635497 0.851329 0.558769 0.335216 0.035228 0.880022 -0.570832 -0.260486 0.487701 0.251459 -1.115957 -0.027704 -0.743740 1.246036 -0.083173 0.207647 -1.035635 -0.059700
IfStatement 0.115738 0.752478 -0.537565 -0.092878 -0.368373 -0.502586 -0.590337 -0.199746 0.050177 -0.716665 -1.147530 -0.562655 0.649904 0.366606 -0.300526 0.754995 -0.496047 0.147367 0.101095 0.593023 -0.319723 0.335716 0.189776 0.442916 0.020682 -0.676033 0.044127 0.091993 0.052160 -0.518392 0.557705 -0.541789 -0.613374 -0.087179 -0.409448 -0.648449 0.874811 -0.010306 -0.143188 0.633248
Import -0.585467 0.801161 -0.520404 -0.655662 -0.256931 -0.357911 -0.432017 -0.302847 0.017500 0.586763 -1.131068 1.078531 -1.183965 -0.479755 -0.072992 1.028901 2.203583 0.060731 0.191535 -0.422780 -0.022439 -0.143843 -1.796088 0.020547 -0.845947 -0.762194 1.713447 -0.024538 -1.000068 2.107275 -1.498519 -0.752916 1.064541 0.996272 0.660139 1.147338 -0.861309 -0.766452 -0.013962 -0.870582
This 0.200823 0.082328 -0.222595 0.538216 -0.910071 0.568619 -1.844238 -0.978576 -0.200675 -0.330452 -0.446064 0.129619 1.465871 -1.908299 0.400201 -0.010793 0.224438 0.411775 0.152034 -0.141016 -1.239033 0.605826 0.311781 1.141152 -0.666448 -0.016800 1.167246 -0.435948 -0.308755 -1.064434 0.570888 0.148853 -0.181212 -0.874664 -0.878296 -0.410450 0.847883 0.383215 -0.273001 0.705835
ConstructorDeclaration -0.599900 -0.538386 0.220853 1.570694 -0.356121 0.340598 -0.206936 -1.032983 0.916833 1.733582 -0.269308 -0.361717 0.235361 -1.504221 1.049985 1.123699 1.327051 -0.908420 0.239604 -0.091568 -0.768284 0.425682 -0.527435 0.284439 -0.282521 0.092250 1.108110 -0.650035 0.156887 0.666382 -1.081957 -2.180477 -0.175244 0.784892 -0.372298 0.605238 -0.832244 -0.127662 0.523234 0.094532
== 0.011010 -0.105612 -0.509574 -0.899708 0.261015 -0.525914 -1.474714 -0.358886 0.072387 -0.746050 -0.333222 -0.773081 0.860603 -0.086170 -0.432298 0.792195 -0.385413 -0.263147 -0.206181 0.563477 -0.260730 0.818616 0.262460 1.302396 0.313850 0.138177 -0.235778 -0.235822 0.044798 -0.290204 1.613770 0.195776 -0.504966 0.069726 0.247744 -0.715051 1.148683 1.004130 -0.332282 -0.074492
- 0.459585 1.217594 -0.505525 -0.294095 -0.296539 -0.410124 0.234470 0.491476 -0.759700 -0.924375 -0.240411 -0.332183 -0.010181 -1.027675 -0.931391 -0.694515 0.333181 0.059363 -0.595670 0.374729 -1.226280 -0.792750 0.180808 -0.499825 -0.443365 0.247793 0.172352 -0.526316 0.326880 -0.229350 0.311749 0.218980 -0.365609 0.541229 -0.285885 -0.778863 -0.479632 0.186272 -0.383009 0.077011
!= 0.299671 0.676305 -0.653486 -0.219892 0.614506 -0.087780 -0.109629 -0.482057 0.263356 -0.725456 -0.301696 -0.060716 -0.145544 1.051101 -0.277211 -0.449174 -0.569558 0.009013 0.391735 0.153188 0.041729 1.273156 -0.062724 0.247271 0.091294 -0.965754 0.123847 0.055220 0.191830 -0.429699 0.079218 0.398479 -0.942650 -0.497293 -0.017401 -0.788696 0.766197 -1.188401 -0.045976 1.168790
< -0.286942 0.721672 0.197311 -0.140278 -0.853845 0.176226 -0.678419 -0.256513 -1.238847 -0.487961 -0.981333 -0.595600 1.283649 0.050554 0.057256 0.391275 0.129792 -0.252321 -0.781524 -0.774940 -0.264077 -0.160796 0.730784 -0.205199 -0.323539 -0.566321 -0.513449 0.661937 0.194936 0.165444 0.082217 0.216844 -0.273934 -0.056942 0.268824 -1.240094 0.135265 0.194313 0.644234 0.591852
ArrayCreator 0.279889 0.428974 1.332404 0.411134 -0.280368 0.020238 0.267699 0.435472 -1.184290 0.189432 0.576966 0.127930 -0.799054 -0.617458 0.587883 0.098280 0.988578 0.072799 -0.172329 -0.529436 -0.385290 0.001388 0.327368 0.073324 0.194700 0.528996 -0.875281 -1.288316 0.350328 0.623526 -0.020751 0.096770 -0.918001 -0.080204 0.825359 -0.002297 -0.105502 -0.134416 0.533458 -0.790452
ClassDeclaration -0.356316 0.393449 -0.839425 1.012417 -0.495851 -0.035415 -1.069893 -0.285148 0.108774 0.927716 -0.565860 1.113296 -1.260332 -0.416503 1.399213 0.868314 1.894167 0.330580 0.176185 0.119732 0.349619 -0.622472 -1.650166 -0.046477 -0.217205 -0.481015 1.388588 -0.788413 0.320169 1.453029 -0.736502 -0.178367 0.111413 0.879634 0.226573 0.856522 -0.981901 -0.535000 0.037293 -0.884403
SuperConstructorInvocation -0.073468 0.271312 -1.416682 1.451668 0.119973 -0.355235 0.018764 -1.714061 1.847771 1.525664 -0.827295 0.539073 -0.036370 1.132240 0.887131 0.639422 0.038210 -0.167166 1.456263 0.552914 -0.014856 0.963967 -0.705329 0.642561 0.005942 -0.961134 0.646895 -0.709788 0.917681 -0.500427 -1.312279 -1.830138 -0.952268 -0.524654 -0.485371 0.265253 -0.451404 -0.453545 0.586423 1.175931
PackageDeclaration -0.260109 -0.236110 -0.176392 -0.117222 -0.476316 0.039564 -0.585288 -0.251690 0.229323 1.783131 -0.825959 1.284879 -1.506297 -0.380579 0.338944 0.685990 1.471199 0.401760 0.398486 -0.131293 0.159717 -0.537580 -1.802497 0.375662 -0.465743 -1.594675 2.065649 -0.299881 -0.396120 1.883007 -1.065990 -0.581111 1.132333 1.197587 0.377817 0.951697 -1.060949 -0.602348 0.089847 -0.261023
BreakStatement 0.943613 0.471280 -1.183601 0.072688 0.355397 -0.801105 1.119118 0.085434 -0.036840 -1.288269 0.146117 -0.326358 0.140324 0.714513 0.470978 0.360705 0.443698 1.065990 0.982697 1.163734 0.913846 -0.821773 -0.559594 -0.256090 0.303159 0.321825 -0.855923 0.244106 0.123302 -0.800738 0.504482 0.415091 -0.745207 -1.342767 -1.140876 0.938376 0.437235 0.553251 -0.023443 -0.136084
++ -0.480199 0.627848 0.632704 -0.705929 -0.330652 -0.335182 -0.146849 -0.162568 -0.929324 -0.883038 -0.661808 -0.935738 0.784652 0.370451 0.278814 0.877707 0.696421 0.093840 -0.444442 -0.487140 0.205680 -0.509178 0.564760 -0.312942 -0.240359 0.474049 -1.337662 0.390369 -0.307350 0.222591 -0.232718 0.198113 -0.131467 -0.087450 0.373129 -0.352450 0.404126 0.327900 0.400862 -0.273486
ThrowStatement 0.717967 -0.196636 -1.030771 1.106419 -0.628738 -0.627754 -0.200882 0.886348 0.088076 -0.066525 -0.162239 0.639500 0.226972 0.222810 0.095221 1.350062 -1.425138 -0.563983 0.267590 0.624342 0.057201 0.288018 0.486360 0.381405 0.566640 -1.149996 0.145650 0.046719 0.781900 -0.524699 0.259269 -0.809988 -1.597446 -0.379963 -0.591968 -0.387147 0.319578 -0.358797 0.040101 0.840257
SwitchStatementCase 1.585913 -0.035725 -0.944570 0.677213 -0.143362 -0.799678 1.669723 0.545045 -0.177588 -0.403157 0.974523 0.016014 0.183614 0.053754 0.246787 0.684721 0.741576 0.962478 1.450017 1.217368 0.993384 -1.428309 -0.486154 -0.333278 0.039228 0.298255 -0.660442 0.250397 0.132893 -0.764154 0.571397 -0.107414 -0.482349 -1.311808 -1.332581 1.473668 0.400054 1.106479 -0.027152 0.007193
ForControl 0.380406 1.007565 1.495851 -0.085291 -0.718555 0.603571 0.417598 -0.563409 -0.617652 -0.191624 -0.605812 -0.710021 1.009337 0.138312 0.052405 0.285957 0.519356 0.155927 -0.831906 -0.887722 -0.356152 -0.771622 0.397541 -0.697013 -0.176908 -0.130554 -0.654243 0.757930 -0.112348 -0.127349 -0.555143 0.560538 -0.506958 0.158699 0.359099 -0.844007 -0.225046 -0.260996 0.509985 0.680691
ForStatement 0.317761 1.200359 1.308264 -0.034415 -0.809287 0.555542 0.478956 -0.863152 -0.394002 -0.098455 -0.640435 -0.536425 1.026621 0.114562 0.172861 0.256863 0.591974 0.265814 -0.667373 -0.975692 -0.633775 -0.637867 0.397357 -0.607923 -0.184754 -0.102947 -0.658283 0.648621 -0.174154 -0.321128 -0.983327 0.471111 -0.619208 0.029530 0.373378 -0.739666 -0.420050 -0.224146 0.351232 0.721036
ClassReference 0.266717 -1.338045 1.435117 0.058636 -0.885233 -0.914350 0.655063 1.578550 -0.575759 1.433156 0.416285 0.951820 0.524402 1.467089 0.539260 0.573053 0.221536 0.303497 0.699054 0.348824 -0.019696 -0.817523 -0.425587 1.267667 1.448290 0.242256 -0.638234 -0.261113 -0.951951 -0.208160 0.329316 -1.251401 2.334079 -0.852978 2.504826 0.977271 0.751222 0.521285 0.757258 -0.119627
VariableDeclaration 0.441145 0.763763 1.807637 -0.089166 -0.403347 0.759992 0.446503 -0.568267 -0.754224 -0.514026 -0.229748 -0.905963 0.975805 0.063537 0.036203 0.422772 0.611250 0.013828 -1.024039 -0.980201 -0.137084 -0.478040 0.522960 -0.655046 -0.288912 0.028523 -0.427485 0.905707 0.020178 -0.049550 -0.272225 0.720779 -0.409489 0.072478 0.417325 -0.790786 -0.082072 -0.288135 0.476546 0.518299
ArrayInitializer -0.355360 -0.097417 0.972157 0.814709 0.478783 -0.339063 0.680131 0.858365 -0.875427 0.332713 0.606754 0.270464 -1.224731 -0.671265 1.553524 -0.487455 1.237386 0.652891 0.146495 0.560485 -0.298802 -0.414325 -0.532459 0.166790 0.446514 1.212311 -1.096425 -1.906325 0.470997 0.343132 0.128254 -0.157403 -0.176293 0.015324 0.754062 0.939552 -0.439746 0.092530 0.317760 -1.308935
&& -0.613607 0.310934 0.250736 -0.287750 0.284237 0.135740 -0.935649 -0.347076 -0.020527 -0.583313 -0.985149 -0.964917 1.473877 0.372763 -0.380193 -0.705963 -0.166817 0.900955 -0.629148 0.658398 -0.458682 0.400460 -0.386405 0.438953 -0.214974 -0.749601 0.740579 0.365260 -0.482695 -0.944373 1.266823 0.179102 1.087170 0.349736 -0.149249 -0.878942 1.512797 -0.308953 -0.238058 1.300584
+= 0.184589 -0.203020 0.247842 -1.127506 0.243534 0.423240 0.576051 -0.832863 0.043754 -1.124354 -0.008366 -0.372101 0.214776 -0.178618 -0.511724 -0.911999 0.085645 -0.478362 1.013972 -0.873970 -0.064013 0.398054 0.519190 -0.633157 -0.381609 0.834267 -0.851560 0.469152 -0.592699 -0.630311 -1.144993 0.746178 -0.257113 -1.178902 -0.481331 -0.004603 0.294442 -0.096790 0.319324 0.408830
> 0.679598 0.734932 -0.989483 -0.283938 -0.804364 -0.496269 -1.066117 -0.183105 -0.532096 -0.513922 0.586700 0.446293 0.922393 -0.567690 -0.945385 -0.224466 0.009436 -0.397190 -0.025945 -0.613217 -0.825596 0.212843 0.750052 0.462332 -0.537875 -0.446407 0.175162 -0.074212 0.260459 -0.061388 0.295770 0.678848 -0.396770 -0.824043 0.089800 -1.409725 0.817758 0.374771 -0.319173 0.802462
* -0.807872 0.606929 -0.289789 -0.494111 0.465574 0.652001 -0.478925 -0.261245 -0.132283 -0.810122 -0.266495 0.004797 0.071038 -0.828943 0.459038 -0.629281 -0.003253 -0.523896 -0.599362 -0.611414 -0.292873 -0.304743 0.005392 -0.815338 -0.023106 1.798528 -0.349953 0.524251 -0.138078 0.367324 -0.258536 0.641074 -0.357287 0.305235 -0.376366 0.676849 -1.548173 0.427485 -0.322294 -0.774944
TernaryExpression 0.074813 -0.460833 -1.263428 -1.451927 0.582826 0.203924 -1.205397 -0.440095 0.558041 -0.512135 0.007567 0.578620 -0.193805 -0.330881 -0.982748 0.003796 -0.624319 -0.819446 -0.135777 -0.454330 -0.055612 0.637375 -0.231454 0.429927 0.381092 0.730761 0.499511 0.997370 -0.410453 0.172152 0.466720 0.811622 -0.127276 -0.093571 0.254261 0.252500 -0.731632 0.835390 -0.713189 -0.760355
>= 0.473921 -0.072777 -0.180157 -0.332150 -0.512793 0.388554 0.428426 -0.076199 0.149025 -0.034352 -0.857821 -0.399758 0.601306 0.241025 -1.039576 -0.489160 -1.838388 0.392379 0.295853 0.624336 0.154883 -0.943237 0.586930 -0.690779 0.151741 -0.551032 -0.376328 0.479156 0.481362 -0.966171 1.012689 0.014270 0.187327 -0.032242 -1.243828 -0.492620 0.095015 1.027949 0.246753 0.897696
|| -0.001966 -0.282187 -1.445054 -1.177714 -0.972155 -0.269528 -1.025521 0.122983 -0.634541 -0.452311 -1.754975 0.586064 0.685664 0.086368 -1.105353 0.274257 -1.742283 -0.795791 -0.069599 -0.006824 -0.425417 0.644314 0.831696 1.061350 0.432726 -1.083920 -0.143737 0.988947 -0.278690 0.029257 0.933756 -0.873261 0.578928 -0.524662 0.290694 -1.048339 0.014435 1.109401 0.358851 -0.178343
WhileStatement 0.184444 -0.953776 0.152823 -0.457499 0.565790 0.416763 0.374449 0.298514 -0.291856 -0.487949 0.021049 -1.026760 0.621177 0.052400 -0.618299 -0.432575 0.224157 -0.483163 -0.697147 0.048718 -0.213567 0.827122 -0.205215 -0.260511 0.432566 -0.921613 0.316390 1.144149 -0.368203 -0.535839 0.751468 0.258362 0.623971 0.340517 0.760071 -0.926396 0.676461 -0.586909 0.371164 0.819660
/ -0.263476 1.570830 -0.055381 -0.500791 0.142209 -0.137194 -0.064820 -0.023856 0.152854 -0.159225 -0.412260 -0.484200 -0.463830 0.306652 -0.518633 0.128720 -0.193751 -0.572574 -1.404182 -0.339120 -0.844938 -0.147686 0.019183 -0.714780 0.340402 0.713648 -0.060022 0.379320 0.072507 0.991852 -0.295707 -0.143132 -0.727982 1.722785 0.519242 -0.531998 -1.464723 -0.206476 -0.589894 -0.629943
& -1.384155 -0.466693 -0.162361 -0.768288 1.382981 -0.311240 -0.939517 -0.200350 0.179603 -0.067109 0.381333 0.424948 -0.465168 0.705334 0.274113 -1.339105 -0.005016 0.414141 0.280224 -0.222765 0.562311 0.967735 -0.482634 1.332026 0.024788 0.055483 0.317736 -0.220884 -0.279442 0.274833 0.251672 0.415804 0.568084 -0.546306 0.170619 1.060878 0.414161 -0.172961 -0.581900 0.137241
! -1.366545 -0.845839 0.782261 0.828339 0.461004 -0.176170 -0.099539 0.781482 -0.643153 -0.229807 -0.344612 -1.627177 0.422186 0.536273 0.951699 0.312932 0.045053 0.030817 -0.444270 0.597396 0.529198 0.152781 0.178038 -0.246256 -0.081657 -0.374913 -0.365435 0.248254 0.248935 -0.484833 0.175221 -0.884339 0.104968 0.740722 -0.328843 -0.405114 1.381946 -1.309394 0.002066 0.850187
instanceof -0.325796 0.103425 0.580153 0.119794 0.275528 -1.016947 0.106915 1.194621 -0.312456 -0.867849 -0.105722 -0.138939 0.601905 1.049461 0.102416 0.474423 -0.256913 0.093290 -1.011312 0.298313 -0.546957 0.620835 -0.210117 1.015218 0.933214 0.070877 -0.077200 0.578607 -0.812014 -0.745180 0.432060 -0.378069 0.241987 -0.190123 1.627851 -0.176344 0.737570 -0.741924 -0.580664 -0.152407
TryStatement 0.543690 -1.213463 0.378666 -0.046769 0.778312 0.803578 0.696951 0.469113 0.073047 0.010569 1.708966 -0.240915 -1.191019 -0.827928 -0.549523 -0.179285 0.124956 -0.807807 0.085295 0.016488 0.884473 1.765825 0.121034 -0.611328 -0.393333 -0.725533 0.451115 -0.606195 0.078913 0.744887 0.409553 1.386896 0.246999 0.056328 0.304189 -0.424219 1.116512 -0.670292 0.773220 -0.722224
CatchClause 0.399490 -1.151430 -0.438128 0.974810 -0.121226 0.181246 0.955133 1.576636 0.391915 0.808190 1.095924 0.148374 -0.938474 0.777775 -0.338938 -0.103489 -1.837005 -0.470280 0.646339 0.890168 1.433827 -0.767637 0.630891 -1.390425 0.409961 -0.027621 -0.656432 -0.425257 0.944769 -0.033934 0.737942 -0.321397 0.589730 0.573266 -0.528599 -0.504681 0.586399 0.057857 0.216528 -0.466986
CatchClauseParameter 0.209361 -1.080619 -0.243401 0.888510 -0.168885 0.068733 0.752143 1.530201 0.277056 0.657613 0.939910 0.150128 -0.899572 0.596486 -0.292801 0.438976 -1.872236 -0.648832 0.448207 0.791868 1.309494 -0.316036 0.751119 -0.999950 0.277002 -0.261211 -0.476098 -0.392141 0.851895 0.267629 0.565672 -0.412356 0.248785 0.506303 -0.482680 -0.326551 0.550192 0.014634 0.234970 -0.530562
<= 0.006394 -0.337266 0.512177 -0.673979 -0.402271 0.256365 0.399712 -0.153434 0.586718 -0.190191 -0.966622 -0.065140 1.622133 0.617798 -0.880881 0.269108 -1.232147 -0.048773 0.027735 -0.044248 0.141207 -0.634752 0.420083 -0.310035 0.010535 -0.481462 0.012450 1.478861 -0.549830 -0.986000 -0.072038 -0.378976 0.786408 -0.414713 -0.607994 0.170121 0.157533 0.274735 0.318691 1.416646
% -0.158441 0.972590 -0.363656 -0.782149 0.519112 -0.615575 -0.184797 -0.458486 0.825738 -0.071622 0.316884 -0.930399 -0.290744 0.845056 -0.930392 0.579209 -0.602228 -0.489181 -0.833837 -0.120013 0.155218 -0.084458 0.803883 -0.285095 -0.132604 0.665667 -0.520937 0.072438 0.418630 0.573956 0.221372 0.061589 -1.059538 1.317456 -0.062656 -0.645120 -0.322254 0.468129 -0.859212 -0.534473
ExplicitConstructorInvocation 0.624721 -0.779042 0.715601 1.091615 -0.960024 1.392267 1.037328 -0.699834 1.193298 1.631553 0.105774 0.100048 0.656503 -0.791802 0.355627 0.477944 -0.619327 -0.498464 0.078553 -0.154228 0.028358 -0.708658 0.374224 -0.855640 0.208353 0.382801 0.052620 0.336061 0.033761 -0.129201 -0.672134 -0.793859 0.725128 0.379831 -0.518978 -0.161546 -1.180747 0.850041 0.766597 -0.277300
-- 0.663744 -0.025253 0.448157 -1.011137 -0.727819 -0.006566 -0.027286 -0.120091 0.567535 0.274476 0.269201 -0.147928 -0.182778 0.058030 -1.119795 0.172927 -0.968871 0.482828 -0.151247 -0.088916 0.164971 -1.095534 1.083338 -0.370968 -0.750383 0.231726 -0.190850 -0.063574 -0.180399 -0.325216 0.093313 0.483657 0.702460 0.534699 -0.164444 -1.051932 0.436743 0.651634 -0.694334 -0.455844
SwitchStatement 1.255089 0.271037 -1.009191 0.148494 -0.243691 -0.635120 0.994314 0.472630 -0.124831 -0.456167 1.322826 -0.268682 -0.027501 0.169457 -0.669658 0.161439 0.561029 0.516318 0.605037 0.592530 0.620375 -0.954249 0.032344 -0.747359 -0.181202 -0.148169 -0.129313 0.080064 0.282826 -0.213315 0.243287 0.695769 0.354404 -0.437015 -0.522862 -0.313329 0.888012 0.463077 -0.215465 0.040941
ConstantDeclaration 0.556099 -1.019986 1.269662 -0.032337 -0.609734 -0.056315 0.464919 1.456046 -0.739872 1.201811 1.062182 0.863692 -1.183459 0.242106 -0.161635 -0.321850 0.114925 0.555988 -0.319249 -0.139920 0.150646 -0.586542 -0.192045 -0.425235 0.286707 -0.707258 0.487289 -0.201879 -0.198101 0.883711 -0.009801 0.442494 1.237805 1.001838 1.362268 -0.068121 -0.261854 -0.597321 0.099018 -0.446791
InterfaceDeclaration -0.280030 -1.382862 -0.006677 0.276295 -0.108136 0.133521 -0.146174 0.484436 0.550324 1.421380 0.573408 1.638885 -1.941519 0.595896 0.587563 -0.272581 0.118474 0.844539 0.757850 0.131367 0.927406 -0.059677 -0.603802 0.010338 -0.405491 -0.604887 1.087117 -0.514358 -0.376654 0.587187 -0.865329 0.110859 1.671412 0.568031 0.345707 0.590316 0.062322 -1.083097 -0.276467 -1.038695
-= 0.330358 0.285709 -0.323208 0.006853 -0.531254 0.592383 0.122066 -0.313618 0.769943 0.143547 0.369504 1.149800 0.558908 -0.559552 -0.592902 -1.202471 -1.168058 -0.230633 0.306314 -0.382384 -0.735375 -0.054689 0.834829 -0.734772 -0.721409 1.042199 -0.014158 -0.513232 -0.205848 -0.597986 -1.004435 0.402932 1.166670 -0.658423 0.185415 -0.752588 -0.376246 0.125119 -0.190009 0.135604
<< -1.725405 -0.479716 0.590366 -0.660580 1.649454 0.363386 0.542424 -0.191907 0.749646 1.019119 1.151918 0.008122 0.037541 1.508494 -0.896129 -2.146804 -1.160504 -0.300343 -0.713778 -1.104070 0.678723 0.051701 0.569780 0.075302 0.084332 0.196610 -0.220528 0.761126 0.302104 0.399906 -0.071423 0.272577 1.232975 -0.045914 0.261023 0.987276 -0.807417 0.358092 -0.381227 0.646826
| -1.158978 -0.119265 0.419211 -0.598333 0.126283 0.335648 -0.487407 -0.988528 0.753022 1.025574 -0.013239 0.608868 0.264887 1.092125 -0.442539 -1.873720 -0.628815 1.009407 -0.406433 -0.961162 -0.303081 -0.127654 0.217227 0.874256 -0.505174 -0.320929 1.000777 0.896045 -0.731718 -0.315279 -0.527835 0.061513 1.948831 -0.103410 -0.116934 0.500781 -0.168457 0.113705 -1.028001 0.574862
<<= -0.207656 -0.521674 0.331200 -1.253873 0.757686 -0.215661 0.909219 -0.057507 0.503734 0.540652 1.243453 -0.008989 0.121476 0.462947 -1.366961 -1.720774 -0.170774 -0.033522 1.289416 -0.370113 0.393502 -0.767883 0.557066 -0.355282 -0.644605 0.930898 -0.676204 -0.466565 -0.064239 0.281039 -0.308714 0.542541 1.554484 -0.693818 -0.068423 0.578362 0.262706 1.174944 0.078614 0.519534
ContinueStatement -0.447989 -0.225795 0.319650 -0.079523 0.549946 -0.772193 0.718516 1.208940 -0.347393 -0.331619 0.247224 -0.351156 0.767492 1.527151 -0.205308 0.136180 -0.218252 0.892990 -0.601319 0.787946 1.032119 -0.554749 -0.262954 0.051294 0.318986 -0.945886 -0.188109 0.592861 -0.003513 -0.278535 1.176196 0.199657 1.643981 -0.203924 0.616959 0.102883 1.135424 0.055526 0.256732 0.363733
>> -1.835958 -0.440621 0.367812 -0.444401 1.117425 0.450804 -0.497607 -0.105256 0.321780 0.419367 0.391400 0.353143 -0.511437 1.058853 0.312171 -1.823781 -0.805484 0.274538 -0.595126 -0.894361 0.650794 0.267715 0.305093 0.321034 0.009658 0.569253 -0.274908 0.479006 -0.100092 0.266311 -0.185612 0.329939 1.051850 0.123094 0.131982 0.813332 -0.565533 -0.299191 -0.827771 -0.465740
SuperMethodInvocation 0.056102 -1.785706 -0.609951 0.943629 0.413442 0.354167 0.150232 0.994823 0.068094 0.363439 1.105160 0.983835 -1.558145 0.202350 1.099928 -0.634137 -0.109937 0.377339 0.830084 0.618521 1.188032 0.062293 -0.954747 0.037321 0.624197 0.122547 0.532772 -0.059474 -0.253275 -0.368193 0.101499 0.289516 0.968895 -0.399216 -0.111278 0.980402 0.495366 -0.930622 -0.448044 -1.010619
DoStatement 0.256362 0.788714 0.403545 -0.828813 0.691778 -0.517102 1.384742 0.856038 -0.399019 0.239757 1.112939 0.359498 -0.510541 1.590908 -1.523203 -0.726301 -0.111950 -0.051976 -0.860527 -0.381357 0.466336 -0.103131 0.183789 -0.397183 -0.350082 -1.177484 -0.044831 0.346662 0.094126 1.063800 -0.221844 1.055626 0.917439 0.109035 1.590112 -0.530314 0.014951 -0.505895 -0.004282 0.310851
^= -0.612198 -0.093279 0.916383 -0.351679 0.359016 0.039605 0.646032 0.199139 0.235774 0.409938 0.472900 0.005634 0.488075 0.715430 -0.952799 -1.114533 -1.299093 -0.220341 -0.106917 -0.505832 -0.057613 0.414059 1.423875 -0.284016 -0.490413 -0.055452 -0.888280 -0.350896 0.314890 0.021538 -0.301727 -0.197147 1.066258 -0.189276 0.518087 -0.778614 0.203485 0.066271 0.459616 0.678685
~ -1.158339 0.113314 -0.499529 -0.312649 0.808480 -0.464229 -0.445490 0.136987 0.586031 0.548032 0.173972 1.564315 -0.705322 1.658643 -0.025779 -0.692496 -0.721411 0.641013 -0.643217 -0.241653 0.406757 0.586829 -0.065921 0.889217 -0.146038 -0.519268 0.570712 -0.007948 -0.115505 0.359929 -0.295528 0.298857 1.292980 -0.263180 1.072536 0.356690 -0.429739 -0.662950 -0.506197 -0.486675
|= -0.891837 -0.226930 -0.399644 -0.681677 0.605964 -0.455893 0.389943 -0.121832 1.169328 1.109717 0.729948 1.396947 -0.773189 1.289280 -0.693381 -1.239036 -1.143422 0.516661 0.662502 -0.111078 0.513228 0.184464 0.609478 0.237345 -0.894693 -0.137432 0.172218 -0.634352 -0.023687 0.325384 -1.017305 -0.117154 1.832133 -0.473085 0.121490 0.501185 -0.315373 0.083513 -0.192951 -0.065145
^ -1.384900 -0.548875 0.237267 0.192831 0.414878 0.154553 0.148600 0.925127 -0.140437 -0.273218 -0.009790 -0.095943 0.815022 0.760666 0.255330 -0.851344 -1.534388 -0.190288 -0.508012 0.080813 0.141693 0.143211 0.910875 -0.663349 -0.060977 0.774677 -0.790420 0.339172 0.035219 -0.664019 0.024284 -0.182659 1.244638 -0.061254 0.203533 -0.312116 0.345168 -0.388776 0.068578 0.270343
>>= -0.167768 0.044543 -0.152960 -1.068502 0.144177 -0.539235 0.314242 0.109961 0.638867 0.538835 0.592019 1.208883 -0.286034 1.297200 -0.885868 -0.387274 -0.710911 0.487736 0.369807 -0.185975 0.433088 -0.081072 0.733532 0.048003 -0.858107 -0.028513 -0.175429 -0.401929 -0.281248 0.236110 -0.795686 0.464771 1.631820 -0.627027 0.790521 -0.126194 0.096245 0.218661 -0.020316 -0.295881
Statement 0.169838 -0.392574 -0.191069 0.285446 0.005755 0.465155 0.171140 0.566403 0.035455 -0.657006 0.339542 0.194992 -0.073311 -0.806407 0.285291 0.371956 -0.392281 -0.501872 -0.243312 0.079751 -0.030406 0.380275 0.174091 -0.637707 0.229199 1.017399 -0.107422 0.326054 -0.345412 -0.325198 0.118900 0.387752 -0.161475 -0.028548 -0.084289 0.148192 -0.166696 -0.214824 -0.111428 -0.880444
&= -0.219622 -0.723207 0.127230 -0.040336 0.063613 -0.218222 0.671344 0.415749 0.693281 1.031535 0.881835 1.261058 -0.793928 0.589887 -0.123802 -0.574595 -0.537194 0.424394 0.801509 0.143624 0.451200 0.022584 0.314271 -0.090901 -0.465911 0.030015 0.014365 -0.831170 -0.076113 0.251882 -0.877306 -0.165754 1.678317 -0.399695 0.433142 0.394563 -0.048283 -0.127803 0.258046 -0.367138
/= -0.284475 -0.010157 0.526904 -0.494797 0.266416 -0.361589 0.453087 0.338601 -0.491625 -0.199864 0.705320 0.348034 0.322014 0.946118 -0.016595 -0.938370 -0.087479 0.760107 0.190213 -0.225188 0.365674 -0.444837 0.562482 -0.056137 -0.488767 0.357880 -0.958909 -0.391048 0.026067 -0.372249 -0.088319 0.811509 1.146183 -0.951971 0.672125 -0.095415 0.543021 0.304060 0.150483 0.071502
SynchronizedStatement -0.026723 -0.904318 -0.250157 -0.170251 -0.238479 0.157465 -0.286064 0.506013 0.037417 -0.336029 -0.169221 -0.101763 -0.062686 -0.473802 0.070568 -0.030687 -0.708727 -0.241198 0.969136 0.427450 0.366179 0.234514 0.349437 -0.536270 -0.213961 0.350824 -0.323694 -0.137883 -0.163119 -0.322391 0.118552 -0.117680 0.396576 0.033679 -0.632406 -0.195973 0.870400 -0.313318 0.078849 0.037106
*= 0.156469 -0.182856 0.142875 -0.020191 -0.148992 0.057361 0.158458 -0.135854 0.169862 0.064243 0.212652 0.281718 0.108180 0.014175 -0.028404 -0.191951 -0.072921 0.223968 0.378816 -0.110818 -0.169494 0.243149 0.227730 0.142093 -0.220350 0.124537 -0.026338 -0.238998 -0.289076 -0.378213 -0.319269 0.023285 0.426894 -0.479572 0.089748 -0.064888 0.317826 -0.066382 0.111083 0.049957
%= -0.025164 -0.027677 0.069373 -0.351795 0.131127 -0.166986 0.317358 0.068403 0.109905 -0.091078 0.227746 0.185060 -0.007758 0.066181 -0.255866 -0.259626 -0.123043 0.063872 0.270209 -0.039489 -0.012334 0.073557 0.304312 -0.161915 -0.279133 0.231423 -0.265911 -0.231135 -0.123058 -0.065874 -0.299133 0.156674 0.382625 -0.341161 0.135664 0.042996 0.099320 0.042660 0.142702 -0.049733
<unk> -0.021961 -0.018774 0.018572 -0.026931 0.023203 0.002312 0.012467 0.022203 -0.003646 -0.020923 0.030104 -0.004074 0.012218 0.034032 -0.027884 -0.048810 -0.061668 0.002119 0.002846 -0.009106 0.013582 0.014552 0.058097 -0.009471 -0.008802 0.026921 -0.045078 0.004818 0.001056 -0.028998 0.014915 0.030245 0.036857 -0.026629 0.014905 -0.022996 0.035401 0.002701 -0.001518 0.005815
