MethodInvocation -0.718793 0.174746 -0.358718 0.597585 1.129911 -0.107821 0.257329 0.324108 -1.268601 0.740083 -0.282155 -0.547281 -0.210577 1.393552 -0.131110 0.154975 0.299759 -0.386628 -0.376448 0.642358 -0.207320 0.196415 0.593672 0.592454 -0.293022 -0.469440 0.320981 -0.005390 -0.397591 0.201762 -0.255943 -0.060680 -0.270620 -0.079876 0.952159 -0.068672 -0.765720 0.015952 -0.120216 0.305643
MemberReference 0.322113 0.261900 0.304341 0.616976 -0.555056 -0.188736 -0.121119 0.079643 -0.266045 0.448502 -0.486127 -0.452379 -0.329384 0.654127 0.161502 -0.395938 0.125587 -0.328657 -0.009733 -0.398145 0.518335 -0.718759 0.321468 0.048356 -0.535822 -0.530589 0.214361 0.288123 0.010720 -0.075726 -0.514436 -0.993048 -0.342290 -0.305880 0.383494 -0.106134 -0.255349 -0.061050 -0.566339 -0.576689
ReferenceType 0.059286 -0.162957 -1.114444 -0.267418 -0.265406 -0.504012 -0.052350 0.719074 0.479145 0.011639 -0.891823 0.021278 -0.910041 -0.343532 -0.088260 -0.360199 0.072919 -0.067585 0.091344 0.456936 -0.385827 0.245153 -0.274378 0.219314 -0.038231 0.242432 -0.074888 0.321693 -0.078897 0.300136 -0.329711 0.348576 -0.975478 -0.632405 0.648021 -1.135499 -0.352906 0.355636 0.057901 -0.204905
Literal 0.495563 0.210739 -0.101287 0.693639 0.196706 0.441403 0.435838 0.671644 -0.409740 0.190199 -0.328116 -0.485198 0.418652 0.030410 -0.011547 -0.702370 0.167618 -0.538214 -0.841579 0.177532 0.525556 0.762239 0.189506 0.723350 -0.094904 -0.368930 0.546320 -0.094340 0.222450 0.098603 0.790794 -0.139427 -0.418560 0.067668 -0.039169 0.292591 -0.247887 -0.249202 0.202251 -0.607898
StatementExpression 0.839140 -0.112938 0.428125 0.126667 0.246566 -0.663481 -0.126804 -0.078295 -0.602653 0.170057 -0.630292 -0.639850 -0.437384 0.894052 0.358707 -0.522178 0.124170 -0.277174 -0.127785 -0.798272 0.289708 -0.385120 0.138227 0.322982 0.070022 -0.785448 0.175160 0.286351 -0.288624 0.518916 -0.059691 -0.917916 -0.443858 -0.205214 0.630827 0.363148 -0.695069 0.201385 0.067208 0.361802
VariableDeclarator -0.235498 0.063578 -0.939034 0.423967 -0.431683 0.534836 -0.281415 0.877742 -0.305057 -0.089370 -0.983549 -0.335738 -0.522086 -0.383535 -0.594427 0.035635 0.146069 -0.375282 -0.754137 0.800784 -0.735756 0.243969 0.176847 0.454814 0.226602 0.253629 0.326631 -0.235151 -0.121349 0.077289 0.492235 0.631985 -1.060825 -0.083434 0.296829 -0.889373 0.049039 0.014777 0.091027 -0.191552
BinaryOperation 0.155248 0.480599 -0.162077 1.008977 0.584832 0.553090 -0.035060 -0.614725 -0.304377 1.151818 -0.763964 -0.450260 0.572956 0.056591 0.787784 -0.027852 -0.911171 0.230445 0.018995 -0.152574 1.534860 0.447463 0.094075 0.974890 -0.420417 -0.187541 0.839539 -0.680070 0.777224 -0.054023 -0.112888 -0.277427 -0.886370 -0.052577 0.308885 -0.117979 0.038254 -0.431708 0.339376 -0.430582
Import -0.986778 -0.724624 -1.267963 -0.050934 1.125660 -0.048274 0.501578 0.698872 1.433254 -1.891331 0.492507 0.351651 -0.304487 0.366080 0.052418 0.716816 0.597592 0.192666 0.619208 2.672704 -1.477440 -1.288265 -0.318303 -0.366602 1.491856 1.036666 -1.109288 -0.092686 -0.725860 0.107892 0.951842 1.766867 0.202986 -0.525145 0.224334 -1.249066 -0.300289 -1.042024 0.164018 -0.217808
BlockStatement -0.336993 0.632620 -0.042489 0.094477 -0.183778 0.197156 -0.027393 -0.311183 -1.055524 1.125319 -0.636216 -0.420792 -0.267993 0.202308 -0.465004 -0.150361 1.063552 -0.404700 -0.428453 -0.499261 0.768938 0.386083 0.658971 0.699440 -0.037634 -1.111644 0.936940 0.095199 -0.565966 0.205711 -0.414447 -1.405730 -0.459060 0.436565 0.403920 -0.197084 -0.113059 0.414825 -0.135723 0.050275
LocalVariableDeclaration -0.395738 0.321741 -0.507702 0.408483 -0.458709 0.060396 -0.149569 0.388248 -0.687755 0.472199 -0.737759 -0.776571 -1.002638 0.171563 -0.645796 -0.073387 0.539090 -0.230972 -0.167890 -0.185358 -0.013255 0.325833 0.249945 0.620981 0.756595 0.056471 0.746218 -0.224382 0.084527 0.191350 -0.166138 0.101452 -0.722620 0.332262 0.348963 -0.683361 -0.065923 0.470142 -0.091676 0.190381
IfStatement -0.148179 0.464422 -0.135707 0.851802 0.413565 0.453511 -0.047184 0.117050 0.120848 0.940921 -0.455245 -0.585542 -0.196081 0.643809 0.524535 -0.027808 0.190628 -0.165522 -0.654327 0.275650 0.928843 0.219401 -0.118643 1.051473 -0.167488 -0.556377 0.427503 -0.056546 -0.388924 -0.223433 -0.399327 -1.114875 -0.419618 0.071936 0.494162 -0.424650 -0.576066 0.111973 -0.211943 -0.487989
MethodDeclaration 0.642127 -1.087650 0.293518 -0.235309 0.357560 -0.852898 0.540822 0.847191 0.511250 -0.313617 0.458914 0.724262 -1.203698 0.126046 0.476664 -1.201289 0.360404 0.235961 -0.142410 0.250601 -0.539982 0.359594 -0.359031 0.166175 -0.487281 -0.559935 -0.610323 0.384582 0.160931 0.159252 -1.114582 -0.056006 -0.509455 -0.940436 0.262815 -0.583813 -1.225829 0.153909 -0.240455 -0.266725
FormalParameter 0.480090 -0.840998 0.059021 -0.328523 0.107810 -0.608302 0.372232 0.514878 0.472899 -0.372272 0.255380 0.562667 -1.425175 -0.262105 0.709201 -1.389269 0.286680 0.422306 0.102115 0.143272 -0.151701 -0.025410 -0.608172 0.202713 0.287490 -0.335323 -0.628292 -0.024216 -0.331888 0.436828 -0.885110 -0.192981 -0.794985 -1.076154 0.241968 -1.206794 -0.674773 0.323795 -0.147947 0.279608
ClassCreator 0.492586 -0.158796 -1.245935 0.061141 -0.327242 -1.210161 0.335182 0.285830 0.101610 0.241115 -1.005599 -0.514780 -0.029338 -0.250868 0.068088 -0.773413 0.371791 -0.683391 0.260996 1.075897 0.256619 -0.421650 0.608944 0.703216 0.160715 0.223327 -0.098239 0.296037 -0.114736 -0.363170 0.136492 0.181351 -0.824008 -0.987467 0.957822 -0.238494 -0.591854 0.812650 -0.056374 -0.159390
!= -0.191551 0.723703 -0.036779 0.008242 0.907101 -0.134549 0.431451 -0.103489 -0.197545 0.877157 -0.784337 -0.212170 0.071550 0.150141 1.013599 0.020561 0.064141 -0.565873 -0.481951 -0.275492 0.662828 0.990868 0.625047 1.239993 -0.071894 -0.746888 0.918054 -0.352512 0.370418 -0.549133 -0.542659 -0.902942 -0.290266 0.317269 -0.114378 -0.712048 -0.409675 -0.225360 0.466775 -0.517059
ReturnStatement 0.084971 0.326451 0.585928 -0.033703 0.164282 -0.924636 0.540009 0.661134 -0.195896 0.281954 -0.054194 0.766752 -0.970696 0.960755 0.118212 -1.354289 -0.136037 -0.264950 -0.268221 -0.663922 0.083560 0.693492 0.091916 -0.360274 -1.497941 -0.358546 -0.136284 0.643893 0.775641 -0.150065 -1.423043 -0.108797 -0.239123 -0.186014 0.045520 -0.279913 -1.058405 0.237778 -0.533063 0.462741
+ 0.754356 0.119271 -0.186162 0.713786 0.970200 -0.007990 0.631582 -0.094624 -1.394398 0.434807 -0.536802 -0.650857 0.193334 0.792191 0.159026 -0.564337 -0.583683 -0.140876 1.262102 -0.628999 0.976771 0.379853 0.162814 0.185597 -0.560088 -0.291000 0.870762 0.251424 0.742840 0.817998 0.394220 0.851322 -1.134230 -0.096989 0.484021 0.726379 0.082281 -0.411017 0.978510 -0.027009
FieldDeclaration 0.389684 -0.461995 -0.744222 -0.012947 0.041731 0.107534 0.359906 2.074292 0.477193 -1.563121 -0.385532 0.922926 0.207964 -0.563368 -0.191766 -0.932287 -0.324681 -0.766700 -1.594647 1.932440 -1.651481 -0.071737 -0.021424 -0.402607 -1.035682 0.123204 -1.013364 0.026672 -0.483491 0.439599 1.384573 1.209646 -0.694761 -1.070740 -0.028333 -0.743029 -0.697213 -0.813930 -0.051130 -0.386800
BasicType 0.556365 -1.294835 1.132614 0.510906 -0.607942 0.644222 -0.342881 0.469514 -0.777385 -0.557553 0.532363 0.509546 -0.614786 -0.814717 0.202612 -0.835632 0.295871 0.022225 -1.231559 0.542347 -1.325487 -0.143884 0.509830 0.442355 -0.099222 -0.593313 -0.267480 -1.056553 0.238688 -0.610368 -0.295922 0.517616 -0.799563 -0.175178 -0.691920 -0.210326 -0.198128 0.058511 0.066608 -0.070391
Assignment 1.158975 -0.405516 0.721914 -0.585212 -0.775489 -0.462043 -0.812289 0.038414 -0.743460 0.574402 -0.176881 -0.376835 -0.215219 -0.746060 0.790100 -0.530341 -0.710896 0.107029 -0.530292 -1.072520 -0.060924 -0.090476 -0.490097 0.219788 -0.520681 -0.740579 -0.311145 0.081481 -0.519131 0.227352 -0.628213 -0.948712 -0.397111 -0.574859 0.266965 0.605201 -0.037195 1.155133 0.089339 0.170569
Cast -0.342645 0.823719 -0.229223 0.159125 -0.537775 0.339696 -0.548597 0.289832 -0.972703 1.201765 -0.653347 -0.613045 -1.474707 0.111023 -0.426450 0.049814 -0.059905 0.131763 0.114088 -0.868868 0.275625 0.609362 -0.566833 0.432506 -0.009875 -0.222040 0.727532 0.225708 -0.323692 0.344836 -1.067207 -0.313034 -0.870956 0.321160 0.398590 -0.654707 0.247713 0.816386 -0.057972 0.199385
This 0.946966 -1.610584 0.688496 -0.246705 -1.051811 -0.406898 -0.279387 0.643572 -0.262659 0.426559 0.949988 -0.520743 -0.726854 0.028132 1.018880 -0.808743 0.172040 -0.010084 -0.052240 -1.024017 -0.806512 0.125465 -0.320504 0.308748 -0.912036 -0.924144 -0.334603 0.640679 -0.448399 -0.067048 -1.588593 -1.042418 -0.036332 -0.586416 0.462089 0.450193 -0.128725 1.537548 -0.296335 -0.868172
== -0.066222 -0.243468 -0.094074 0.945649 -0.140849 0.260010 0.596973 0.184792 -0.061574 0.350425 0.064115 -0.673258 0.584214 0.609179 1.089811 -1.907470 -0.469451 -0.174410 -1.383352 -0.733860 0.906821 1.092681 0.326408 0.940225 -0.349090 0.084813 0.522586 -0.625932 0.843821 0.163062 -0.188309 -1.336883 -0.153452 -0.634279 0.936874 -0.495703 -0.166016 0.537656 -0.664626 0.248472
ThrowStatement 0.486726 0.121437 -0.962403 -0.204000 -0.401137 -1.734844 0.771439 -0.099029 -0.090404 0.227610 -1.119645 -0.405517 0.223518 0.602038 0.030786 -1.097075 0.507546 -0.968359 0.905428 -0.211136 0.606861 -0.155131 1.132609 -0.028756 -0.504111 -0.103833 0.468430 0.789040 0.550848 -0.228501 -0.239486 -0.026595 -0.532824 -0.740766 0.929425 0.057101 -0.570199 0.612018 -0.046204 0.024928
ClassReference -1.044122 0.024121 -1.191592 -1.279987 0.800323 -0.787862 0.720349 -0.184211 1.262067 -0.789790 -0.429140 1.678178 0.541055 -0.227909 -0.709766 0.283949 0.595324 -0.033886 -0.100594 1.277125 -0.688513 0.067995 0.658902 -0.851302 -0.653651 0.165089 -0.615212 0.449938 -0.476143 0.113309 0.319409 0.335597 0.155587 -0.652221 0.354669 -1.285767 -0.476389 -0.737808 -0.135229 0.487549
PackageDeclaration -0.391432 -0.999625 -0.474473 -0.149147 0.902784 0.263899 0.428855 0.751168 1.011143 -1.498479 1.300531 0.635230 -0.201761 -0.247614 0.142832 0.670976 0.494560 0.184691 0.404062 2.140837 -1.702991 -0.368238 -0.297714 -0.137059 0.963082 0.610526 -0.976323 -0.301443 -0.271806 -0.322624 0.622953 1.971877 0.617133 -0.109169 -0.702629 -0.224155 -0.238142 -0.844180 0.316812 -0.543663
ClassDeclaration -0.005141 -1.027259 -0.889964 -0.034310 0.547470 0.038611 -0.059525 1.226260 1.256456 -1.421956 0.207563 0.196698 0.023621 0.290449 0.365114 0.552256 -0.292089 0.070005 0.016201 1.696636 -1.411123 -0.952012 -0.687412 -0.574794 -0.035781 0.617685 -1.114422 0.308230 -0.727502 0.564784 0.953663 1.126735 -0.089210 -0.733831 0.541594 -0.603100 -0.286191 -0.752537 0.122996 -0.864495
&& -0.475772 1.237201 0.022325 0.527154 0.854082 0.183170 0.112869 -0.566998 -0.008463 1.397111 -0.610238 -0.422026 -0.158653 -0.167567 1.440729 0.075435 -0.254344 -0.036579 -0.213145 0.181347 1.371876 0.594417 -0.022832 1.541791 0.570587 -0.245590 0.684527 -0.826177 0.314591 -1.135319 -1.017443 -0.880426 -0.269990 0.138937 -0.356084 -0.963837 -0.274266 0.078555 0.072549 -0.225100
instanceof -0.520610 0.847687 -1.073641 -0.482687 0.317587 0.116140 -0.271540 0.343914 0.610678 0.778926 -1.059561 0.095729 -0.371893 0.030932 0.446529 0.586245 -0.795346 0.279938 0.485191 -0.371287 0.644434 0.494929 -0.967027 -0.177126 -0.837481 -0.084013 0.238739 0.547135 -0.513768 1.105327 -0.510768 -0.492597 -0.643830 -0.364602 0.815011 -1.353183 0.227284 -0.428240 0.231962 -0.834623
CatchClause 0.864264 0.925188 0.178034 0.115904 0.404133 -1.317086 0.208489 0.445805 -0.491704 -0.121291 -0.607787 -1.354480 -0.596780 1.163917 0.536324 -0.203100 -0.500425 -0.903912 1.022344 -0.709746 0.237921 -0.375998 -0.152013 0.045838 0.606649 0.687685 0.133963 0.706095 0.404770 -0.489501 0.239094 0.900603 0.220602 0.263416 -0.090416 1.098813 -0.561026 0.677792 0.651175 0.658819
CatchClauseParameter 0.932493 0.967412 0.155205 0.178457 0.295632 -1.210834 0.238789 0.480310 -0.487923 -0.262857 -0.555636 -1.476789 -0.597042 1.212935 0.610210 -0.327934 -0.463998 -0.910437 0.983594 -0.707608 0.349232 -0.487746 -0.168026 0.229916 0.789539 0.688628 0.165428 0.598885 0.459611 -0.450681 0.244018 0.900889 0.152442 0.348082 -0.156490 1.072257 -0.662214 0.762171 0.522810 0.666527
TryStatement 0.556913 -0.166105 -0.482477 -0.313944 -0.312078 -0.653327 0.237083 0.265072 -0.110127 -0.337034 -0.471850 -1.302172 -0.359920 0.422304 0.319504 -0.120335 0.543170 -0.812342 0.535800 -0.708810 -0.250848 0.017360 0.482821 0.560902 1.029366 0.074935 0.533258 0.388441 -0.048937 -0.225372 0.292847 0.078042 -0.148777 0.289971 0.297752 0.226551 -0.084890 1.043845 0.549695 0.159865
! -0.471734 0.641500 0.195905 -0.320464 0.528329 0.329054 0.276410 -0.192204 -0.801273 0.631506 0.824704 -0.449345 0.004381 -0.069674 0.868453 -0.002795 0.264842 -0.436460 0.221728 -0.067834 0.222532 0.427512 -0.000466 0.717690 0.466077 -0.441699 0.311559 -0.233840 -0.857957 -0.668884 -0.709136 -0.256963 0.653697 0.291307 -0.475119 0.165550 0.342191 0.716877 0.633762 0.182570
WhileStatement -0.888059 0.233732 -0.956145 -0.445303 -0.084036 -0.167475 -0.263751 0.299723 -0.617500 0.593321 -0.952105 -0.328831 -0.846124 0.359980 -0.575647 0.331405 0.688812 -0.266391 -0.109750 -0.183807 -0.693978 0.338211 0.245031 0.295608 0.089797 -0.370687 0.421585 0.243645 -0.874694 0.642597 -0.689826 -0.493747 -0.681384 0.131490 0.932495 -1.221368 -0.050599 0.557419 0.004351 0.118502
ConstantDeclaration 1.449935 -0.166511 0.049954 -0.635721 -1.347217 0.509518 -0.482376 0.206689 1.003028 -0.741555 -0.277413 0.501909 0.449455 -2.627437 0.028451 -0.392135 -0.597383 0.248222 -0.322812 -0.297829 0.053750 0.471365 -0.864938 -0.093309 0.854808 0.508186 -0.361174 -0.371383 0.297299 -0.053375 1.187468 0.476124 -0.300105 -0.031284 -1.176436 0.317939 0.913026 -0.003407 0.642637 -0.302505
TernaryExpression -0.291559 -0.983256 0.066733 1.312601 0.780254 1.014942 0.244873 -0.233743 -0.977242 0.548443 -0.112199 -0.781492 0.814275 1.049318 0.484844 0.091181 -0.592752 0.150227 0.022366 -1.008042 0.156397 1.223328 0.868823 0.449315 -0.662386 -0.641574 1.454951 -0.692395 1.791177 0.539794 -0.236812 -0.074362 -0.806757 0.234128 0.524883 0.043535 0.661332 -1.091949 0.431011 -1.136365
- 0.607934 1.081533 1.340976 0.105875 0.071948 0.895998 -0.593316 0.328180 -0.348086 -0.246480 -0.295988 0.586698 -0.097127 -1.020118 0.277212 -0.406474 -0.813311 0.243344 -1.805156 -0.117344 0.319912 0.071160 -0.950217 0.038834 0.060370 -0.424850 -0.446373 -0.819055 -0.601823 0.419676 0.879377 -0.540291 -0.177357 0.121398 -1.194266 -0.097744 -0.035056 -0.885052 0.019880 0.472002
|| -1.239313 -0.262253 -0.812988 0.792427 -0.264552 0.933611 0.175948 -0.822257 0.032527 1.346955 0.993584 -0.291845 1.198494 -0.152946 1.108714 -0.800851 -0.463736 0.600201 -0.259260 0.613578 1.117445 0.541506 0.096213 0.766665 -0.548466 0.087098 0.188656 -0.953590 -0.110017 -0.333347 -0.994423 -0.736226 0.198355 -0.591402 0.990581 -0.476509 0.737222 0.702140 -0.616843 -0.272143
< -0.106217 0.102880 0.528869 0.274199 -0.632043 1.073263 -0.939617 -1.010092 -0.567045 0.567984 0.008418 -0.060985 0.278739 -0.755186 -0.834144 1.448835 0.201351 0.365964 0.493693 -0.031798 0.222546 -0.498750 0.216444 -0.092905 0.237851 -0.226131 0.435734 -0.354440 -0.043246 -0.481810 0.167596 0.174385 -0.029654 0.906852 -0.795261 0.756898 0.901794 -0.258657 0.275984 -0.623008
++ 0.074508 -0.732808 0.759210 0.161293 -1.035185 1.182471 -0.831291 -0.664086 -0.884031 0.424606 0.538129 0.088933 0.252040 -0.614731 -1.173761 0.998336 0.521683 0.394956 0.171643 -0.568032 -0.264864 -0.315444 0.263397 -0.293048 -0.427119 -0.680708 0.318311 0.014931 -0.077175 0.121752 -0.121643 -0.324858 -0.019062 0.790424 -0.403725 1.006108 0.949593 -0.009482 0.043649 -0.539816
> -0.183146 0.300543 1.019356 0.449466 -0.254961 0.622036 -0.548669 -1.083144 -0.508416 1.146211 0.395962 0.355497 0.246197 -0.660840 -0.079498 0.264811 0.181209 0.486757 -0.655292 0.235645 0.796062 -0.185092 0.167840 0.627861 -0.301276 -0.663102 0.037366 -0.746609 -0.230979 -0.784710 -0.658591 -0.941477 0.088359 0.362410 -0.479273 0.358398 0.030537 0.269212 -0.499865 0.086828
ConstructorDeclaration 1.353492 -0.313716 0.694820 -0.712818 -0.503195 -1.010563 -0.386888 0.524475 0.417543 -1.593743 -0.267925 0.303466 -0.530051 -0.280773 0.123180 -0.578760 -0.394093 -0.305861 -0.017188 -0.177816 -0.981008 -1.263143 -0.510457 -0.871836 0.098080 0.277973 -1.140466 0.574101 -0.589022 0.198359 0.828482 0.640608 -0.286536 -0.490324 -0.475162 0.324639 -0.288271 0.162682 0.282491 0.728043
ForControl -0.380413 -0.556497 -0.407248 -0.632559 -0.295086 0.680308 -0.345302 -1.151487 -0.010634 0.059762 0.371756 0.465561 0.911438 -1.918302 -0.519427 1.447939 0.910610 0.331039 0.642382 1.359781 -0.405431 -0.590640 0.710642 0.324381 0.817523 -0.115028 0.093318 -0.598470 -0.400444 -1.000973 0.471085 0.633044 0.086360 0.307621 -0.762732 0.111682 0.950386 -0.151069 0.640317 -0.575600
ForStatement -0.400826 -0.302694 -0.280035 -0.822760 -0.092520 0.241152 -0.132194 -1.210337 0.132621 -0.075002 0.196468 0.743530 1.153045 -1.594268 -0.531480 1.234107 1.202430 -0.068539 0.277878 1.436472 -0.278649 -0.661531 1.067806 0.197807 0.493552 -0.371113 -0.015474 -0.450566 -0.585701 -1.033218 0.635321 0.277433 0.285582 0.331880 -0.691711 0.084695 0.557999 -0.251236 0.443434 -0.391077
VariableDeclaration -0.304344 -0.033271 0.182274 -0.305559 -0.472174 1.115091 -0.943101 -0.492255 -0.687719 -0.013973 -0.157907 -0.058530 0.546174 -1.596455 -0.180040 1.635904 0.448661 -0.290037 0.075741 1.031193 -0.945230 -0.712220 0.538644 0.336578 0.572655 -0.381215 0.143936 -0.723053 -0.769199 -1.059044 0.591969 0.811663 -0.154431 0.787349 -1.178934 0.134336 1.110165 -0.184707 1.046989 -0.900897
SuperMethodInvocation -0.005346 0.545673 0.616891 0.403080 0.702493 -0.445652 0.682515 0.220371 -0.383133 -0.565263 -0.377921 -0.154309 0.254902 1.595462 -0.468383 -0.125542 0.625292 -1.063156 -0.415772 -0.364177 -0.227130 0.022119 1.208609 -0.184944 -0.224195 -0.302373 0.442656 0.257390 0.584449 -0.331224 0.677010 0.000007 0.561647 0.777690 -0.360389 0.716783 -0.763523 -0.691784 0.094832 0.305281
ArraySelector -0.501043 -0.419247 0.246327 0.348917 -0.958862 0.829451 -0.664198 -0.667619 -0.837959 0.184855 0.819609 -0.972145 0.321326 0.823573 -0.505328 0.705928 -0.208613 0.298795 0.887408 -0.998533 -0.139327 -0.827722 -0.065380 -0.818454 0.057380 0.457815 0.134780 0.038343 -0.493585 0.432342 -0.047426 -0.034437 0.833715 0.482040 0.573555 1.080934 1.109059 0.495173 -0.127356 0.115689
/ 0.278871 0.341956 0.236290 0.307846 0.749770 -0.210635 0.269581 0.012085 -0.572563 0.093642 -0.518551 -0.007442 0.614721 0.651977 -0.015064 0.093028 -0.799359 -0.137827 -0.005773 -0.562874 0.270968 0.496188 0.312213 -0.315817 -0.733921 0.058241 0.389394 0.009128 0.980458 0.436103 0.581255 0.306709 -0.032563 0.171942 0.111359 0.619366 -0.106224 -0.839484 0.274860 0.003365
InterfaceDeclaration 0.133908 -1.174237 0.084658 -1.605548 0.099792 -0.536087 0.425716 0.590934 1.949047 -1.958008 1.664114 1.962432 -0.129705 -1.298439 0.056905 -0.057119 -0.181345 0.574674 0.375116 0.771162 -1.548341 0.153571 -1.126313 -1.146716 0.274671 0.925740 -1.829966 0.202546 0.037511 -0.040813 0.070741 1.370158 1.117363 -0.415898 -0.988438 0.033973 -0.031857 -0.173757 0.182544 0.377933
SwitchStatementCase -1.105519 0.602098 0.437333 -0.438384 -0.230351 -0.317885 0.338753 0.023014 0.583758 -0.651606 0.991651 1.089096 -0.089122 0.959435 -1.371161 0.370451 0.322260 0.018953 0.373342 -0.234196 -0.336271 -0.229882 0.067020 -1.750899 -0.426102 0.787470 -0.569816 0.714257 0.321927 -0.255129 -0.140846 0.339647 1.732333 0.785261 -0.682792 0.328811 -0.062049 -0.315324 -1.083693 0.833409
SynchronizedStatement -0.593200 0.448415 -0.110224 -1.089153 -0.508507 -0.637276 0.154108 -0.871449 0.945569 0.147651 0.633166 -0.400430 1.208261 0.133332 -0.148680 0.711593 0.981555 -0.597254 0.002333 -0.477683 0.228481 -0.181923 0.648325 -0.099796 0.190878 0.017305 0.049079 0.699170 -0.738693 -0.838799 -0.177315 -1.592613 1.852492 0.404010 -0.095050 0.638864 0.308606 0.934237 -0.535309 -0.010021
BreakStatement -0.566325 0.933574 0.831481 -0.138522 0.010780 0.039498 -0.595577 -0.278671 -0.028945 0.554611 0.407180 0.261731 -0.415701 0.773291 -0.532418 0.816915 -0.059294 0.281005 -0.140003 -0.501778 0.151764 -0.424500 -0.637194 -0.559881 -0.393602 -0.008263 -0.387911 0.415079 -0.752138 -0.043936 -0.695477 -0.749396 1.102562 0.643708 -0.232809 0.414572 -0.243643 0.131383 -0.646131 0.596209
ArrayCreator -0.317770 0.807118 -0.573436 -0.484617 -0.174757 -0.221595 -0.227403 -0.331184 0.242394 -0.316274 -0.866589 0.361762 0.791153 -0.224008 -0.960414 0.990805 -0.443274 -0.192757 0.411432 -0.189599 -0.094167 -0.090417 0.277030 -1.020737 -0.200153 0.809400 0.163615 0.316398 0.633326 0.057818 0.993100 0.751619 0.398424 0.581209 -0.252997 0.448158 0.471222 -0.502512 0.137817 0.400812
>= 0.055576 -0.634377 0.443861 0.680156 -0.517360 0.894045 -0.180538 -1.544479 0.435525 0.960181 0.872962 0.632176 0.524365 -0.903711 -0.936358 0.132851 0.485035 1.692145 -0.176846 -0.049577 1.660804 0.042907 -0.185571 0.234874 0.348017 -0.112351 0.155826 -0.456635 0.504623 0.150179 -0.230460 -1.200369 0.113014 -0.163380 0.218380 0.507294 0.233811 -0.173769 -1.123671 0.245890
<= -0.023985 -0.544232 0.211457 1.087171 0.002738 0.901934 -0.171776 -0.384037 0.187325 0.671636 0.417867 -0.292957 0.119008 0.392840 -0.080833 0.010445 -0.255775 1.040876 -0.543070 -0.500210 0.885776 0.568046 -0.298560 0.343236 0.133856 -0.018193 0.487657 -0.368841 0.762225 0.292421 -0.423659 -0.899217 -0.002891 -0.146696 0.515185 0.119704 0.054860 -0.188009 -0.889087 -0.162826
* -0.018021 0.596627 0.505997 0.290761 0.453602 0.013883 0.008903 -0.778143 -0.269910 -0.214085 -0.017195 -0.318736 1.024790 0.443516 -0.058361 0.552950 -0.507923 -0.029653 0.038419 -0.490076 0.523966 -0.175365 0.365575 -0.254938 0.578690 0.445046 0.323095 -0.573277 0.580536 -0.011573 0.976670 0.086579 0.816881 0.600730 -0.352220 0.919254 0.337409 -0.664345 0.201542 0.562777
% 0.319226 0.652019 0.996894 0.505201 0.228127 0.448716 -0.185978 0.011870 -0.034819 -0.139369 0.164465 -0.118481 -0.339986 0.752973 -0.271694 0.104357 -1.116782 0.637523 0.037238 -1.798171 0.901358 0.578610 -0.978649 -0.655014 0.043313 0.472301 0.294310 -0.081277 1.008621 1.086962 0.414803 0.067673 0.340904 0.793993 -0.427952 0.599292 0.222281 -0.731460 -0.028943 0.574559
ArrayInitializer -0.469233 0.810375 -0.478193 -0.796545 0.157564 -0.756433 0.243190 -0.614909 0.350894 -0.421703 -0.732866 1.031376 0.741243 -0.145450 -0.998386 0.570586 -0.919098 0.218377 1.207388 -0.428820 0.241222 0.014081 0.264004 -1.792032 -1.033495 1.053963 -0.046110 0.514779 0.991812 0.168216 0.555326 1.324948 0.264875 -0.057796 -0.229786 0.152252 0.282549 -0.870079 0.159919 0.909666
SuperConstructorInvocation 0.901846 -0.032785 0.469575 -1.066453 -0.236205 -1.176460 -0.202998 -0.466286 1.817852 -1.410676 0.652146 -0.089227 -0.184482 -0.027909 0.828331 -0.380218 -0.767683 0.790686 0.848942 -1.050579 0.167099 -1.221856 -1.708949 -1.020672 1.114505 0.954389 -1.294540 0.593280 -0.656468 0.807695 0.489627 -0.354862 0.855041 -0.559287 0.103442 0.154257 0.111478 0.459108 -0.122164 0.897538
SwitchStatement -0.720219 0.708345 0.036753 -0.689229 0.122062 -0.760695 0.333361 -0.255462 0.674165 -0.613664 0.536694 0.617022 0.319949 0.869817 -0.784523 0.383999 -0.172975 -0.024819 0.879029 -0.405157 0.045927 -0.528664 -0.135723 -1.670766 -0.217729 0.945942 -0.572178 0.843806 0.253832 0.130462 0.325317 0.419333 1.449641 0.355677 -0.257251 0.441941 0.147717 -0.312366 -0.595613 0.916213
-- -0.349240 -0.080889 0.569649 -0.370095 -0.750533 0.558465 0.031383 -1.067474 0.740972 -0.156950 1.359169 0.567984 0.519658 -0.710228 -0.731672 0.273437 0.800332 0.806608 -0.112923 -0.246934 0.540890 -0.113799 -0.039216 -0.200508 0.996998 0.295612 -0.103281 -0.335203 -0.067000 -0.247794 0.045744 -0.866299 1.230441 0.532163 -0.729454 0.351503 0.541821 0.035104 -0.775573 0.533743
& -0.451507 -0.299241 0.299900 0.045533 -0.939535 0.931177 -0.650538 -0.787039 0.487012 -0.240170 1.022389 0.340843 0.237869 -0.703874 -0.710539 0.701771 -0.660383 1.129990 0.789296 -0.471712 0.013246 -0.426858 -0.636304 -1.088671 0.279462 1.030687 -0.217221 -0.362009 0.405927 0.215481 0.045622 0.711072 0.553418 0.227710 -0.504479 0.423453 1.146518 -0.177983 -0.422269 0.207434
DoStatement -0.776602 0.127070 0.487691 -0.685347 -0.437193 0.636772 -0.170102 -0.299412 -0.050017 -0.196320 1.437172 0.346075 0.358220 -0.320804 -1.066262 1.264595 0.570888 0.082728 0.272909 -0.206159 -0.837981 0.036699 0.010748 -0.718137 0.323431 0.369849 -0.191563 0.210098 -0.347876 -0.512237 -0.022663 0.057788 1.710652 1.174410 -1.149270 0.990999 0.865279 0.321084 -0.104176 0.081857
+= 0.910412 -0.308326 1.487320 0.121189 0.156512 0.221049 -0.044007 -0.434223 -0.938885 0.270503 0.726840 -0.326058 0.455884 0.118056 0.559028 -0.132194 -0.616599 0.219621 0.175173 -1.410224 0.408529 0.277961 -0.176410 -0.017074 -0.218474 -0.455219 0.128598 -0.151415 0.493398 0.120506 -0.110734 -0.248000 0.388322 0.428739 -0.471090 1.562428 0.482113 0.084035 0.421234 0.198329
<unk> 0.004382 0.023723 0.023610 -0.008363 -0.021114 0.003150 -0.012644 -0.032451 -0.023053 0.022983 0.001146 -0.017908 0.006609 0.003182 -0.016249 0.017206 0.002360 0.000475 0.017224 -0.048977 0.026655 -0.006506 0.010369 -0.004750 0.006800 -0.001025 0.020397 0.002017 0.009086 -0.011679 -0.003973 -0.018004 0.016624 0.024089 -0.013897 0.038712 0.012796 0.012303 0.000037 0.019064
