MemberReference -0.214511 0.238751 -0.129191 0.019220 0.625755 0.485309 -0.032691 -0.199125 -0.052477 -0.331407 -0.066094 -0.534014 -0.080434 0.715423 -0.043728 0.008090 0.034875 -0.822793 -0.373760 0.162418 0.274467 0.216350 -0.090413 0.376340 0.097165 0.450546 0.052387 0.706335 -0.530255 -0.528242 -0.139051 0.093794 -0.089555 0.266126 0.245259 -0.115502 -0.101231 0.698197 -0.116384 -0.422964
MethodInvocation 0.396586 -0.001242 0.315518 0.271246 -0.128633 0.203809 -0.398214 0.104754 0.140170 0.754680 -0.361375 0.425009 -0.313185 0.652603 -0.077600 0.206824 0.477344 -0.509594 0.260543 0.459067 0.473380 0.682408 -0.502043 0.256610 -0.329230 0.128797 -0.097599 -0.511618 -0.522372 -0.505207 0.104481 0.370086 -0.303131 -0.309388 -0.455162 -0.434178 -0.745092 0.517115 -0.060804 -0.500901
ReferenceType -0.213999 -0.230201 -0.697362 0.122011 0.305911 -0.460539 -0.706075 1.054032 0.473933 -0.312558 0.193720 -0.604637 0.095245 -0.239386 0.265399 -0.368619 -0.014656 0.271360 0.559172 0.471714 0.546057 0.449472 0.289750 0.031043 -0.766978 -0.205062 0.128808 -0.008061 -0.287168 -0.047286 0.380909 0.398434 -0.297925 -0.747995 0.156508 -0.039901 -0.538597 -0.448935 -0.145680 -1.297147
Literal 0.449125 -0.276231 -0.249392 -0.138205 -0.263632 -0.033609 -0.092158 0.055086 -0.244221 0.214245 -0.066998 0.728160 -0.294093 0.232700 0.089483 0.445064 0.577973 -1.239014 -0.335508 0.139265 -0.346940 0.728965 0.041206 0.136503 0.303372 0.811618 0.321119 -0.544492 0.239903 -0.235665 0.199771 0.752324 -0.349407 -0.007833 0.029475 -0.130149 -0.103118 0.165449 -0.751319 -0.001994
StatementExpression -0.104122 0.156629 0.204986 0.418263 0.660879 0.142620 -0.022633 -0.002953 -0.002601 0.178564 -0.532292 0.208119 -0.254108 0.815620 -0.147985 0.247513 -0.162884 -0.541053 -0.509718 0.002173 1.082479 -0.309559 -0.222348 -0.150133 -0.367800 0.228948 0.002319 0.783198 -0.132454 -0.402384 -0.196185 0.300665 -0.577421 0.097351 -0.096799 0.084362 -0.289237 1.038891 0.045210 -0.934511
BinaryOperation 0.475503 -0.020613 -0.252480 -0.317458 0.537589 0.497479 0.047735 -0.967527 -0.221029 0.316251 1.122408 0.024801 -0.686396 0.502156 -0.429950 0.300108 0.731178 0.299795 -0.058558 1.509343 -0.431575 0.046716 -0.855853 -0.280701 0.325793 1.341717 0.047143 -0.401450 -0.310067 -0.042527 0.660923 0.993450 -0.573871 0.574877 0.017819 -0.811565 0.082273 0.161327 -0.595712 0.016222
VariableDeclarator 0.259174 -0.241981 -0.071105 0.144573 -0.490558 0.193417 -0.964738 0.533957 0.076456 0.288484 0.083483 -0.270144 0.395346 -0.532139 0.760697 -0.340777 0.722469 -0.519354 0.217375 0.356500 -0.335494 0.431911 -0.007391 0.363303 -0.292311 -0.051024 0.107975 -0.700023 0.041636 0.444699 0.752748 0.452542 -0.575255 -0.869203 -0.284829 -0.433452 -0.457807 -0.351225 -0.345212 -0.726549
BlockStatement 0.247826 0.053850 0.283663 -0.167905 0.080309 0.745828 -0.417120 -0.257304 0.153717 0.316874 -0.442564 0.064040 0.078053 0.537795 -0.743508 -0.108739 0.200590 -0.419032 -0.052612 0.506235 0.872147 0.718740 -0.480209 0.673287 0.302318 0.647648 -0.014795 0.027533 -0.732453 -0.768198 0.118681 -0.251860 0.449972 0.617191 -0.356444 0.138158 -0.189644 -0.052907 0.054011 -0.745197
Import -0.607824 0.904718 -0.400635 1.268833 0.338038 -0.974500 -0.283252 1.869544 1.924998 -0.776630 -0.163738 -0.097881 0.287108 -0.649267 0.816093 -1.105592 0.390074 0.777341 0.846687 -0.119515 -1.628775 -0.312230 1.664915 0.050791 -0.309563 -1.156765 -1.000602 -1.284974 0.369138 0.034747 1.183103 -0.664837 -0.891311 -1.819494 1.260802 -0.860858 -1.058530 -0.923807 -0.848426 1.280137
IfStatement 0.557840 0.514432 -0.289564 0.507257 1.038551 0.415750 0.216138 -0.472883 0.516694 0.693559 0.570848 -0.079143 -0.135041 -0.076002 -0.384237 -0.330085 0.206647 0.233782 -0.520098 1.008471 0.544973 0.226418 -0.520940 0.095246 0.338581 0.890676 -0.441126 -0.212802 -0.449893 -0.367258 0.225713 0.309162 -0.319658 -0.058512 0.163731 -0.385428 -0.270759 -0.156635 -0.423492 -0.518907
LocalVariableDeclaration 0.313780 0.224153 0.070092 -0.153502 -0.350664 -0.030328 -1.005523 0.094508 -0.336829 0.699099 0.033099 -0.442922 0.254548 0.172202 0.414231 -0.543782 0.901740 0.221170 0.633977 0.680292 0.051613 0.737001 -0.363114 0.855567 0.140795 0.620401 -0.086041 -0.079489 0.255354 -0.092456 0.134739 0.122635 -0.309718 -0.240605 -0.679812 -0.301349 -0.549266 -0.645986 -0.050491 -0.919426
MethodDeclaration -1.026622 -0.658632 -0.464353 0.564630 0.642686 -1.397036 0.337271 1.837280 0.246986 0.181312 0.698207 -0.012324 0.206328 0.778869 0.262023 -0.776426 0.634503 0.000021 -0.395934 0.026869 0.131898 0.670323 0.149546 -0.409925 0.054149 0.232073 -0.533326 1.059908 1.088926 -0.881161 -0.185607 0.333925 -0.137530 -0.566255 0.246243 -0.278648 0.049326 -0.471181 -0.263768 -0.191688
FormalParameter -0.781329 -0.661213 -0.234020 1.126735 0.546123 -1.153851 0.129944 1.975473 0.099778 -0.188586 0.696577 -0.177261 -0.386244 -0.041871 0.443348 -1.271474 -0.372654 0.059765 -0.683162 0.359349 0.340590 0.032594 -0.356566 -0.097164 -0.047159 0.108472 -0.077586 1.357355 0.869889 -0.331678 0.061276 0.325261 -0.342469 -0.642022 -0.161206 0.001650 -0.158993 -0.544392 0.158052 -0.416556
+ 0.590655 -0.249583 0.167288 -0.493206 0.305061 0.303191 0.026153 -0.680518 -0.895184 -0.139391 0.688473 0.243100 -1.144574 1.022681 0.030893 1.312509 0.297129 -0.668083 0.605611 0.860516 0.167912 0.258626 -0.892821 -0.372560 -0.527175 0.457104 1.147588 0.197673 -0.064515 -0.512548 -0.177282 1.750021 -0.813815 0.555227 -0.084746 -0.031225 0.236305 0.606170 0.009877 -0.870834
ClassCreator 0.177622 0.431547 -1.012302 -0.347036 0.231072 -0.411195 -0.808441 0.931745 0.095860 -0.720301 -0.380639 -0.926031 -0.320561 -0.089846 0.581615 -0.632342 -0.015864 -0.089706 0.143636 -0.535274 0.387187 0.211983 0.165125 0.432259 -0.475544 0.525169 0.988557 -0.270399 -0.555940 -0.098485 -0.412116 0.480000 -0.724571 -0.645493 0.644043 0.226088 -0.465380 -0.148124 -0.361033 -1.129785
ReturnStatement -0.548500 -0.971150 -0.597290 0.062682 0.348211 -0.733250 0.281160 0.700527 -0.224493 0.124632 0.504824 0.007067 -0.009199 1.165880 0.016154 0.462806 0.309908 -0.849988 -0.083677 0.519774 0.332059 1.324425 0.024586 -0.063442 -0.128154 -0.079111 -0.329384 1.269519 0.447112 -0.893974 -0.408157 0.458259 0.675680 0.234337 -0.140226 -0.161393 0.127922 -0.066687 -0.113027 -0.548394
BasicType -0.721507 -0.855253 0.549432 0.983757 0.221042 0.573411 0.332202 0.883624 0.162675 0.217887 0.850383 -0.044123 0.887941 -0.406640 0.612649 -0.420939 0.931049 -0.604398 -0.099918 -0.643155 -0.851285 -0.010131 -0.717062 -0.082795 -0.468124 -0.826125 -0.031423 0.553826 0.276488 0.130638 0.234364 0.425603 -0.225326 -0.547043 0.200740 0.031534 0.226596 -0.505823 0.274340 -0.329370
!= 0.726027 -0.064929 -0.316811 0.012644 0.028544 0.395173 -0.001390 -0.642152 0.189372 1.013811 0.079736 0.456433 -0.027446 0.129525 -0.535182 0.069981 0.785571 -0.550791 -0.785195 0.991337 1.146673 0.844970 -0.893685 -0.021672 0.647283 1.303348 -0.394801 -0.704151 -0.359086 -0.204631 0.592043 0.291980 0.132895 -0.408013 -0.452672 -0.803898 -0.054996 -0.130080 -0.808890 -1.013327
FieldDeclaration -0.833353 -1.080735 -1.071747 0.727390 0.097363 -0.609641 -0.160916 1.798822 0.111498 -0.831614 0.049108 0.436705 0.623581 -1.626854 0.855169 -0.527546 0.088769 -1.498007 -0.007425 -1.001397 -1.847474 0.310796 1.655823 0.136365 -0.633753 -0.316954 0.515000 -0.661145 0.223914 1.254867 0.484217 0.938757 -0.971115 -1.341380 1.041980 0.567391 -1.109110 0.004327 -1.234243 0.092108
Assignment -0.930636 -0.840046 -0.261639 0.133201 0.719559 0.490508 0.363935 -0.115948 -0.105819 0.762915 0.283774 -0.061768 1.115366 -0.005516 -0.474591 0.078404 0.187112 -0.012385 -0.906393 -0.776084 1.084185 -0.235921 0.042029 -0.620564 -0.503389 0.520998 -0.258254 1.163027 -0.323162 0.357833 -0.250941 0.563513 -0.095155 0.038228 0.201931 0.434238 0.185016 0.737819 0.242137 -1.057805
Cast 0.003410 -0.425581 -0.057443 -0.496515 -0.165632 0.334087 -0.980805 -0.216488 -0.192392 0.414067 0.316501 -1.181648 0.221138 0.378928 -0.085054 0.039359 -0.294969 0.667678 0.409534 1.125423 1.433118 0.555431 -0.350486 0.181036 -0.593619 0.054865 -0.062215 0.842410 -0.600687 -0.207725 0.336089 0.171583 0.519832 0.159615 -0.886427 -0.116481 0.028316 -0.039529 0.798333 -1.553713
This -0.953932 -0.386010 -0.379367 0.157359 -0.103617 -0.159648 0.532858 0.428104 -0.147700 0.529491 0.897501 -1.123869 0.734258 0.914627 0.718854 -0.780387 -0.506073 -0.410770 -1.344861 -0.916490 1.016284 -0.105784 -0.192040 -0.698134 0.381483 0.684194 -0.441138 1.832967 -0.422471 -0.235195 -0.036030 0.074431 0.250996 -0.630508 0.020045 -0.486756 0.870086 1.211817 0.383643 0.032299
== 0.086822 -0.603864 -0.509543 -0.026977 0.404780 0.069502 0.871896 -0.231056 -0.940805 0.467536 1.860359 0.050622 0.010490 -0.017108 -0.079758 -0.885871 0.189320 -0.959347 0.049688 0.766045 -0.111226 1.209357 -1.399366 0.205733 1.070334 1.394581 0.158333 0.336764 -0.858731 -0.048168 -0.342685 0.662858 0.263828 0.126817 -0.292983 -0.134975 -0.268081 0.173297 -0.618355 -0.286528
&& 0.804977 -0.346967 0.006400 0.094971 -0.098559 0.903121 -0.166886 -0.448440 -0.108359 1.158034 0.581580 -0.280844 -0.671609 0.374614 -0.463069 -0.335727 0.278761 -0.097951 -1.512065 1.610511 0.660839 0.663439 -1.604855 0.262824 0.845639 1.825460 -0.208071 -0.142722 -0.460637 -0.317188 0.829749 0.472017 0.471642 0.296582 -0.907090 -0.943239 0.420426 -0.135374 -0.086761 -0.270246
ClassReference -0.633503 -0.396175 -0.384343 0.652451 1.055059 -0.464839 0.503331 0.841977 1.019229 -1.055462 -0.247314 1.230098 0.908292 -0.766213 -0.573855 0.543498 0.130250 -0.906162 1.919681 0.068591 0.390001 0.793487 1.088752 -0.101346 -1.078002 -2.247528 -0.462284 -0.698636 -0.845476 -0.066771 -0.033293 -0.344429 0.230868 -0.651540 0.821119 0.586913 -1.478281 -0.466265 -0.772694 -1.047565
instanceof -0.010078 0.068104 -0.591049 -0.052705 0.091329 -0.201752 -0.595096 0.518573 0.866713 -0.295874 0.770393 -1.087897 -0.631554 0.607545 0.020214 -0.168368 -0.372957 0.729064 -0.010211 1.926703 0.495250 0.532631 0.145348 -0.197753 -0.012066 0.476981 -0.427580 -0.011610 -0.573527 -0.757254 1.523325 0.220153 0.196467 -0.283929 0.083587 -1.100987 0.136334 -0.329352 -0.010974 0.007841
CatchClause 0.562590 0.762448 -0.390774 -0.312953 0.407968 -0.696128 -0.137503 -0.646263 -0.938129 1.034556 -0.747853 -0.063011 -0.992473 1.095914 0.365427 0.624926 -0.129224 0.446002 0.059494 -0.485168 1.013307 0.119098 -0.054397 0.247800 -0.871069 1.083164 0.500472 0.748701 0.484144 -0.272169 -1.487313 1.125185 -1.158773 0.041393 -0.221882 0.485725 -0.829266 1.065103 0.309146 -1.254928
CatchClauseParameter 0.688228 0.881993 -0.432603 -0.347791 0.424816 -0.729110 -0.116533 -0.548274 -0.957670 1.039154 -0.594011 -0.211062 -0.975540 1.104112 0.507874 0.516805 0.062422 0.814806 0.272719 -0.477174 0.780239 0.106212 -0.329745 0.320618 -0.634415 1.202587 0.616287 0.689813 0.488665 -0.365178 -1.653889 0.947629 -1.146228 0.143161 -0.239199 0.452841 -0.717004 0.594855 0.217082 -1.023853
PackageDeclaration -0.422147 0.342579 -0.117671 0.732246 0.064280 -1.289221 0.030528 1.560530 1.026172 -0.753750 0.388580 0.187387 -0.212702 -0.940479 0.613443 -0.814716 0.384328 1.315828 0.680199 -0.031672 -2.093676 -0.644338 1.057635 -0.324125 -0.138169 -1.054539 -0.390245 -1.095996 1.353973 0.365594 0.668592 -0.315520 -0.697051 -0.939365 0.900780 -0.467790 -0.132196 -1.370742 -0.411269 1.705051
ThrowStatement 0.302533 0.220995 -0.587473 -0.752102 -0.014204 -0.802105 -0.591096 0.686486 -0.585337 -0.408745 -0.357646 -0.366772 -1.192096 1.214892 0.146457 -0.285655 -0.175688 -0.466422 0.489758 0.196208 0.707115 0.721313 -0.465844 0.329206 -0.213250 1.210095 1.101777 0.101814 -0.443537 -0.726227 -0.663738 0.706340 -0.547748 -0.126248 -0.112793 0.206569 -0.660787 0.486060 -0.297848 -1.177589
ClassDeclaration -0.429117 0.020335 -0.644917 0.985320 0.133389 -0.945373 -0.099722 1.796482 1.368861 -0.417214 -0.369029 0.081031 -0.047143 -0.559522 0.777716 -0.053880 0.163071 -0.012896 -0.018672 -0.401057 -1.336540 0.127392 1.670309 -0.004638 -0.709213 -0.974446 -0.463837 -0.754957 0.698018 -0.057209 0.838493 0.214351 -0.550057 -1.250767 1.061746 -0.309469 -0.638508 -0.746840 -0.534801 1.057355
TryStatement 0.278796 0.300224 -0.613702 -0.511999 0.038478 -0.258801 -0.172032 -0.848785 -1.243739 0.431550 0.299687 -0.521297 0.509999 -0.012078 0.604647 -0.029022 -0.001107 -0.119602 0.470028 -0.132557 1.044250 0.267291 -0.347716 0.279148 -0.058423 0.312228 0.258181 0.838737 -0.048356 0.615329 -1.038807 0.481109 -0.379015 -0.194240 -0.519792 0.179271 -0.207895 0.170037 -0.044250 -1.553876
! 1.257264 -0.249969 -0.353668 0.307075 -0.580518 0.179472 0.447395 -0.250979 0.185835 1.505362 -0.107941 -0.013915 -0.541036 -0.622995 0.176248 0.505815 -0.635408 -0.015268 -1.499704 -0.163134 0.800290 0.906160 -0.594059 0.175711 -0.065103 0.407033 0.083912 -0.354507 0.014374 -0.145630 -0.294780 0.678412 0.792063 -0.431889 -0.349306 -0.004050 0.510659 -0.715222 0.620739 0.173113
WhileStatement -0.289342 -0.617345 0.707766 0.046735 -0.328094 0.852354 -1.309809 0.576937 0.473135 -0.577246 -0.269528 0.330742 0.525071 -0.561363 -0.687087 -0.845883 0.505427 -0.341713 0.423981 1.175055 0.615967 0.041523 -0.470374 0.208082 0.148969 -0.051000 0.033308 -0.821191 -0.596130 0.318766 1.162390 -0.604172 0.068293 -0.304462 -0.672362 -0.338550 -0.444338 -0.081727 -0.343135 -1.424157
ForStatement 0.439454 -0.273058 0.785835 -0.259352 -0.918924 0.753174 -0.526476 0.050140 0.481236 -0.083633 -0.420249 -0.270780 0.018070 -0.449913 -0.084557 0.213279 0.273369 0.519542 -0.166306 -0.090544 0.407055 -0.466613 -0.827192 -0.203162 -0.172580 -0.876798 0.361829 -0.711060 0.052262 0.070824 0.587516 -0.449303 0.779354 0.033133 -0.465607 -0.064900 1.220921 -1.129830 0.870325 -0.137042
VariableDeclaration 0.387013 -0.090629 0.509564 -0.243057 -1.033045 0.966953 -1.034084 0.137437 0.650221 -0.144379 -0.425064 -0.951413 0.525755 -0.631782 0.045445 0.189543 0.297901 0.633998 -0.123767 0.096624 0.366135 -0.182529 -0.475010 0.023071 -0.337784 -1.140732 0.139668 -0.812476 -0.369688 0.177596 0.733075 -0.673201 0.942245 0.004873 -0.298311 -0.345511 1.175224 -1.268809 0.888425 -0.071271
ForControl 0.677506 -0.103989 0.834772 -0.684415 -0.970481 0.855930 -0.618882 0.231549 0.761477 -0.500917 -0.481710 -0.393684 -0.008292 -0.518315 0.018441 0.117171 0.891803 0.736147 -0.104468 -0.688243 0.266106 -0.748877 -1.285920 -0.468611 -0.031491 -0.745786 0.989725 -1.127784 0.338431 -0.290613 0.698657 -0.621234 0.679379 0.036364 -0.040231 0.006533 2.194419 -1.957605 0.915441 -0.189611
|| 0.634072 0.347340 -0.736310 0.753514 1.154933 0.744725 1.386766 -0.630631 0.314922 0.703912 2.044337 -0.670971 0.069926 -0.689900 0.005015 -1.116425 -0.101303 0.131120 -0.425828 0.685261 -0.125142 0.586659 -1.403090 0.256329 0.965413 0.605879 -0.237518 0.089243 -1.365647 -0.235516 -0.546452 0.459320 0.223188 -0.138350 0.434783 -0.427240 0.030126 -0.816226 -0.320139 0.336576
- -0.549687 -1.497594 0.654767 0.256165 0.076732 0.844724 -0.230845 0.266412 -0.495711 0.206800 -0.336843 1.042904 0.168885 -0.853859 -0.909920 -0.122052 0.485238 -0.663727 -1.446683 0.215852 -1.019072 -0.469965 0.029279 0.203822 0.070225 0.958459 0.179211 -0.036706 0.816002 0.853790 0.672144 0.242933 -0.194256 1.057254 -0.433232 0.848380 0.003286 0.217887 -0.466972 0.013106
++ -0.108202 0.645366 1.169379 -0.513035 -0.324284 1.142692 -0.562903 -1.111565 -0.307274 0.135497 -0.850140 -0.420236 0.834556 0.751856 -0.153432 0.140364 0.816065 -0.218613 0.112198 -0.554886 -0.807780 -0.137623 0.103605 0.990472 0.654859 -0.527766 -0.296893 0.287823 0.302587 -0.463465 -0.558408 -1.069729 0.566508 1.320625 -0.285056 0.167285 0.621145 -0.142164 0.577228 0.773045
ArraySelector 0.017200 0.679915 0.253609 -0.071461 0.446811 0.953502 0.033128 -1.478219 -0.200487 0.007398 -0.252623 -0.160152 0.898038 -0.342296 -0.072393 0.720039 0.283008 -0.136154 0.923364 -0.364052 -0.802374 -0.112573 0.768229 0.685981 -0.212322 -1.076926 -0.456316 0.017483 -0.348655 0.368862 -0.689466 -0.284076 -0.001791 0.490596 0.274210 0.309483 -0.490303 0.238653 0.040463 0.222279
BreakStatement -0.084966 0.685057 1.055467 -0.149733 -0.193091 0.267906 -0.186206 -0.355434 0.311278 -0.362565 -1.858671 0.598171 -0.395775 1.317522 -0.930203 0.404064 -0.718293 -0.847445 -0.226364 -0.317664 0.182399 0.091611 0.697289 0.869214 0.421669 -0.235444 -0.282562 0.209613 -0.168281 -1.201516 -0.438823 -1.342302 0.788392 1.315227 -0.180241 0.533003 -0.235752 0.992519 0.305129 1.094068
SwitchStatementCase -0.176848 0.700632 0.865174 -0.486022 -0.751351 -0.710700 -0.014031 -0.083151 -0.439298 -0.872781 -1.754530 0.904733 -0.707726 1.492368 -0.250932 0.864979 -0.904092 -0.979785 0.978614 -0.616345 -0.456190 0.533407 1.119178 1.012736 0.157972 -1.095987 -0.002564 0.241679 0.241657 -1.040069 -0.896419 -1.238697 0.713936 1.178473 -0.479537 0.590509 -0.627746 0.938356 0.277706 1.480651
ArrayCreator 0.355292 0.546108 -0.180081 -0.010875 0.516168 0.558003 0.480237 -0.803993 0.358331 -0.223886 -0.428787 0.221761 0.383749 -1.000426 -0.054127 0.943017 -0.008512 0.251488 1.040774 -1.277847 0.044888 -0.876398 0.180542 -0.613932 -1.054144 -1.088965 0.541165 -0.801239 -0.818532 0.693279 -0.694989 0.289799 -0.520480 -0.312857 0.989929 0.765107 -0.246247 0.183013 0.213875 -0.658558
ArrayInitializer 0.537277 0.640561 -0.143167 0.065659 0.597184 0.851635 0.214234 -1.132027 0.430299 -0.071511 -0.289868 0.368867 0.263479 -0.948913 0.050830 1.372760 -0.019323 0.285133 1.476058 -0.727029 -0.090349 -0.531117 0.717264 -0.210790 -1.724574 -1.455074 0.496339 -1.050177 -1.264624 0.792623 -0.367761 0.777998 -0.919146 -0.526884 0.868829 0.548190 -1.243599 0.611646 0.022775 -0.760195
TernaryExpression 0.571901 0.021659 0.096289 -0.938932 -1.061898 -0.292836 0.527989 -0.853556 -0.449077 -0.739479 0.900826 0.622336 -0.803598 0.683888 0.123663 0.523038 0.038157 -0.974635 1.020274 0.979698 -0.358623 0.343360 -0.638557 -0.829800 1.102949 0.613914 0.511526 -1.001198 -0.200535 -0.086064 0.619169 0.210225 0.161725 -0.470955 -0.144598 -0.961635 0.468026 0.899505 -0.741209 0.136001
< -0.056020 -0.556743 0.602517 -0.403956 -0.284125 1.774901 -0.545280 -1.104549 -0.098311 0.025839 0.235708 -0.476027 1.224273 -0.432185 -0.366170 0.365359 1.199309 -0.153354 -0.639335 0.293164 -0.965449 -0.568926 -0.359912 0.029312 0.429921 -0.473433 -0.336720 -0.190454 -0.087189 0.820447 0.687339 -0.398706 0.588074 0.950250 -0.159285 -0.450266 1.186037 -0.416582 0.146697 0.350466
ConstructorDeclaration -0.669929 -0.652738 -0.207946 0.219931 -0.535339 -0.540789 0.131322 0.820476 -0.049984 -0.887602 -0.393269 0.079685 0.594084 -0.956735 0.672874 0.327900 -0.709467 -0.413631 -0.785700 -1.457451 -0.014662 -1.177506 0.900930 -0.886758 -0.525929 -1.233693 0.236711 0.525789 0.810509 1.038472 0.104763 -0.184746 0.076674 -0.596651 0.283984 0.486950 0.925841 0.115544 0.227466 0.191833
> 0.132553 -0.000522 0.653537 0.246011 0.333873 1.046455 0.161894 -0.285192 0.074095 0.426620 0.006736 -0.029404 -0.169380 0.220529 -0.583671 -0.345637 0.255695 -0.009177 -1.238122 -0.009086 -0.354191 -0.402446 -0.947629 0.215528 0.582652 0.521719 0.055461 0.044054 -0.237779 -0.433342 -0.243379 -0.083500 0.278959 1.062149 0.013923 -0.030051 0.669139 -0.042171 0.303883 0.799265
SuperMethodInvocation 0.283701 1.037984 0.327495 0.614459 0.590322 -0.127377 0.799766 -0.601631 0.411452 0.854206 -0.437995 0.586443 -0.320381 0.928648 0.035718 0.598046 0.156702 -0.010937 -0.079874 -0.458238 0.120180 0.045358 0.066354 0.077653 -0.006100 -0.239290 -0.720585 0.082989 0.182324 -0.817179 -0.815545 -0.109507 -0.384253 -0.206125 0.284964 -0.396123 -0.548636 0.562820 0.110434 0.607115
InterfaceDeclaration 0.020180 0.607493 0.075254 -0.064481 -0.341768 -1.012139 0.483555 0.218319 0.233065 -0.235587 -0.104353 0.250235 -0.418946 0.089275 0.143963 -0.067341 -0.242114 0.849320 0.160881 -0.322130 -1.098081 -0.498861 0.829852 -0.375172 0.535242 -0.256195 -0.472482 -0.463147 0.983826 -0.126814 0.003995 -0.711683 0.069506 -0.093310 0.479667 -0.252937 0.278506 -0.292136 0.000575 1.947231
* -0.060762 0.118153 -0.002074 -0.542373 -0.557469 -0.071843 -0.571180 -1.077458 -0.811952 0.706602 -0.459014 0.387527 -0.142420 0.589522 0.408580 0.889013 0.658583 0.284802 -0.365661 -0.514381 -1.372226 -0.819452 0.987247 0.003273 -0.376496 1.121440 -0.130993 -0.069877 1.067764 0.975935 0.157461 0.742332 -1.384583 0.215955 -0.152589 -0.262456 -0.490548 1.296810 -0.535598 0.581083
>= -0.062305 0.116236 0.963235 -0.399761 -0.684135 -0.043954 0.727439 -0.739972 -0.556202 -0.035378 0.482920 0.716036 0.039091 -0.261806 -0.527920 -0.972745 -0.600379 0.547449 0.020370 -0.060137 0.465433 -0.669364 -0.994266 -0.364819 1.501930 0.600362 -0.197568 0.227725 0.365522 0.091524 -0.121557 -1.321362 0.658353 0.506935 -0.885014 0.178962 0.764190 0.127003 0.390202 0.692430
/ -0.162635 -0.109109 0.118060 -0.400549 0.590761 -0.293475 0.517199 -1.180811 -0.850345 0.399327 0.473483 0.652509 -0.324805 0.683893 -0.590380 1.021077 0.004649 0.409671 0.344893 0.743181 -0.602004 -0.031439 0.437931 -0.171872 0.011619 0.515769 -0.522188 0.674375 0.593278 -0.001966 -0.192075 0.503315 -0.155049 1.331203 -0.141340 0.174875 -0.284709 0.660924 -0.079638 0.760222
SynchronizedStatement 0.394031 0.377057 -0.889028 -0.403528 -0.236681 -0.691583 1.334992 -1.055158 -0.062742 0.573424 -0.011225 0.298306 0.440822 -0.689235 -0.477971 0.098177 -1.323004 0.428903 -0.170954 -1.119472 0.624582 0.358067 0.833946 -0.219047 0.753404 0.082556 -0.598878 -0.114027 -0.540043 0.253517 -1.113548 -0.964302 1.296930 0.103869 0.303634 0.536120 0.178855 -0.003974 -0.101470 1.373041
SuperConstructorInvocation -0.302473 -0.063456 0.295656 0.750023 0.371365 -0.778922 0.591349 0.858850 0.435736 -0.937135 -0.595211 0.469859 -0.356888 -0.724339 -0.254197 -0.258737 -1.631503 0.169454 -0.801695 -0.335781 0.383653 -1.116933 0.681836 -0.498136 -0.085384 -1.281856 -0.254183 0.582166 0.552165 0.351151 -0.083720 -1.116208 0.632806 0.090206 0.040756 0.632602 0.130284 0.191431 0.322016 0.726415
% 0.238963 -0.313778 -0.386049 -0.832596 -0.208615 -0.671361 -0.190162 -0.400060 -0.704451 -0.388611 -0.205344 0.390890 -1.407263 0.432450 -0.485187 1.159961 -0.630483 0.885622 -0.224951 0.568129 -0.174594 -0.748354 0.329211 -0.770618 -0.440238 0.910547 0.679362 -0.043809 0.754392 0.424860 0.123807 0.643502 -0.384375 1.015765 -0.084207 0.235155 0.282431 0.586331 0.006157 0.436046
<= 0.109499 0.231115 0.285719 -0.433030 -0.398078 -0.017782 0.627156 -0.795728 -0.085529 -0.184044 0.847859 0.328709 0.145404 0.421301 -0.368882 -0.363518 -0.269610 -0.017459 0.037768 0.426056 0.502225 -0.300816 -0.458838 -0.825340 1.374373 0.673089 -0.623359 -0.185876 -0.496511 0.038740 0.861994 -0.892449 0.583907 0.075646 -0.332654 -0.811712 0.611500 0.789847 -0.397653 0.872637
EnhancedForControl -0.237789 -0.117427 0.733100 0.245688 -0.513422 0.665656 -0.358721 -0.171800 0.700364 0.199656 -0.401651 -0.180712 0.814133 -0.502067 -0.424079 0.082489 -0.327654 0.396654 0.272801 0.283057 0.411396 -0.071666 0.348223 0.164328 -0.175219 -1.472993 -0.903874 -0.319263 -0.522344 0.322261 0.647476 -0.970448 1.079399 -0.011054 -0.464445 -0.047051 -0.029205 -0.334887 0.602049 0.291800
SwitchStatement 0.008576 0.126750 0.262200 -0.193197 -0.762183 -0.849697 0.268944 -0.033171 -0.569659 -0.368310 -0.767622 0.570794 -0.970411 0.983741 0.034317 0.800730 -0.939803 -0.752915 0.472267 -0.137934 -0.146165 0.476777 0.507532 0.406100 -0.063742 -0.579325 0.175756 0.206913 0.040781 -0.353032 -0.550427 -0.295670 0.556371 0.294621 -0.568191 0.169280 -0.653723 0.839988 0.154012 0.933584
ContinueStatement 0.176063 0.087107 0.218806 -0.606727 -0.860287 0.403036 -0.176633 -0.185408 -0.354079 -0.239546 0.378771 -0.644252 0.490833 -1.119462 -0.153762 -1.386242 -0.004082 0.721287 0.425991 0.524465 -0.346270 0.377619 -0.586973 0.690559 1.510614 0.216824 -0.176123 -0.554956 0.057260 0.235140 0.094833 -1.247964 1.328029 0.401379 -0.505818 0.200271 0.753932 -1.609721 0.190027 0.368889
-- -0.261587 -0.163181 1.249913 -0.200290 -0.515684 0.191830 0.921011 -0.198629 -0.450875 -0.107191 0.080067 0.760397 -0.525118 0.118075 -0.747022 -0.717609 -0.580519 0.247610 -1.309030 -0.583844 -0.064335 -1.083214 -1.113893 -0.534512 1.484036 1.046228 0.108532 0.517484 0.825849 -0.407121 0.007710 -0.985431 0.593896 1.125509 -0.648468 0.271797 1.331661 0.237385 0.523753 1.492149
TypeArgument -0.583256 0.708587 -0.154754 0.194746 0.337745 -0.794578 0.613795 0.541731 0.379103 -1.114270 -0.025204 -1.145080 0.242854 -0.471198 0.205904 -0.890289 -1.447436 2.018163 0.248772 -1.108813 0.717251 -1.225158 0.435678 -0.317673 -0.314546 -1.403473 -0.098544 1.081338 0.125497 -0.086208 -0.854247 -1.363620 0.745333 -0.029771 0.550258 0.803060 0.705870 -0.696886 1.191277 0.601835
DoStatement 0.315804 -0.176431 0.422040 -0.537303 -1.779540 0.247351 0.030980 -0.394850 -0.080133 0.581265 -0.559971 -0.263526 0.783998 -0.839258 0.427651 0.060350 -0.436719 0.236707 -0.513288 -1.287060 0.036942 -0.007723 0.042398 0.064661 0.437416 -0.886328 -0.151892 -0.464646 0.188712 0.530482 -0.192489 -1.065241 1.316508 -0.214781 -0.526152 0.277492 1.282184 -0.699872 0.785411 1.185557
& -0.424761 0.272856 0.400782 -0.468739 -0.146003 0.616604 -0.054310 -0.948286 -0.619957 -0.885478 0.507806 -0.771997 0.866131 -0.778770 0.217791 -0.211519 0.154816 0.892908 0.855102 -0.477571 -1.565149 -1.231988 0.360388 0.012203 0.164386 -0.841976 0.056894 0.115315 0.242031 1.138982 0.008573 -0.708167 0.023626 0.622647 0.338979 0.222829 0.499500 -0.353123 0.206141 1.068221
ExplicitConstructorInvocation -0.465282 0.206534 -0.001185 -0.148069 0.176572 -0.074339 0.277987 -0.191794 -0.513225 -1.040895 -0.518417 -0.557194 0.276515 -0.996706 0.125652 -0.338718 -1.303755 0.917755 -0.337844 -1.329349 0.011176 -1.586850 0.532621 -0.237501 -0.112079 -0.407462 0.554837 0.934063 0.309228 0.892714 -0.659342 -0.732252 0.159923 0.514195 0.311965 1.068465 0.606291 0.083204 0.599973 0.344959
+= -0.066163 -0.732560 0.124501 -0.370782 -0.097702 0.412190 0.854939 -1.023233 -0.943810 0.678918 0.303414 0.636346 0.098515 -0.039317 -0.385078 0.795427 -0.119917 -0.254512 -0.911630 -0.691343 0.356469 -0.486811 -0.456368 -0.790537 -0.040394 0.595050 0.341722 0.677870 0.165818 0.527510 -0.615879 0.634633 0.071424 0.586593 -0.228333 0.517936 0.666230 0.829147 0.380126 -0.078794
<unk> 0.007234 -0.011219 0.021668 -0.011878 -0.017298 0.026269 0.014521 -0.029726 -0.017406 0.024023 0.014125 -0.010092 0.008439 0.010976 -0.014194 -0.005495 -0.004383 0.004682 -0.039355 -0.007083 0.028993 -0.006318 -0.035141 -0.006276 0.028642 0.016395 -0.010323 0.027173 0.004936 -0.007942 -0.006780 -0.020777 0.043984 0.027872 -0.024856 0.002975 0.046870 -0.000930 0.022133 0.013901
