MemberReference -0.040284 -0.139152 0.570255 -0.083543 0.054002 -0.093344 -0.122756 -0.378222 -0.029225 -0.002904 0.487498 0.442618 0.162651 -0.079653 -0.071789 0.207986 0.117247 0.367352 -0.328081 0.171750 0.355863 0.403647 -0.102109 0.137539 -0.095336 -0.209456 -0.151437 0.596715 -0.397158 -0.966287 0.643085 -0.417277 -0.252109 0.063456 -0.404251 -0.234224 -0.235013 0.057946 -0.262319 -0.302317
ReferenceType 0.351623 0.658229 -0.713941 -0.106022 0.690667 -0.546365 0.338111 -0.357281 -0.176901 0.685022 0.353630 -0.156784 -0.127827 -0.726474 0.633234 0.665571 0.729478 0.368526 0.646311 0.662274 -0.541216 -0.898482 0.275951 -0.800285 0.020424 0.610542 -0.078759 -0.071765 -0.045882 0.522088 -0.550202 -0.537074 0.089696 0.258274 0.342932 -1.034308 0.693276 -0.498760 -0.779620 0.247151
MethodInvocation 0.000895 -0.123296 -1.161686 -0.237684 -0.081403 -0.401407 0.121763 -0.370690 0.128546 0.184920 0.241074 -0.040574 0.156545 -0.406299 0.236567 0.776265 0.368789 0.909322 -0.000442 0.526223 0.044076 -0.176575 -0.903696 -0.220046 -0.215683 -0.171220 0.141053 -0.009927 0.582807 -0.109608 0.217707 -0.216161 -0.609870 0.221241 -0.209338 -0.132002 -0.052388 0.490457 -0.009748 -0.507199
Literal 0.066969 0.349923 -0.803757 -0.231889 0.474342 -0.149871 0.424840 -0.101997 0.478105 -0.240100 0.538032 -0.070722 0.519376 0.019261 0.525287 -0.145173 -0.132033 -0.114249 0.131448 -0.162574 -0.621495 0.113765 -0.501102 -0.036274 -0.201037 -0.709915 -0.389859 -0.507028 0.806057 -0.111190 -0.066405 0.408511 -0.221885 -0.081003 0.372579 -0.008927 -0.057179 -0.029136 -0.053062 -0.481642
StatementExpression 0.176814 0.031595 -0.593207 0.015997 -0.396013 -0.148898 -0.532497 -0.211023 -0.078347 -0.450521 0.778206 0.330996 -0.052735 -0.045171 -0.140111 0.487230 0.346531 0.426677 -0.109397 0.780268 0.409203 0.203927 -0.359945 -0.655690 -0.097863 0.327778 -0.437377 -0.044186 0.034231 -0.699394 0.876798 -0.282739 -0.081153 0.216497 -0.789219 -0.171938 -0.348825 -0.198790 0.844206 -0.293505
BinaryOperation -0.529497 -0.168058 0.447523 -0.861086 -0.705589 -0.603068 0.151350 0.614333 0.639666 1.018142 0.274120 0.333588 0.089147 0.605521 -0.454950 0.236358 -0.970883 0.159995 0.163571 -0.777246 0.118994 0.158709 -0.724581 0.311786 -0.800913 -1.077773 -0.241942 0.180117 0.356988 -0.315090 0.423500 0.101994 -0.784490 0.793647 0.524195 -0.057513 -0.130596 0.895534 -0.566854 -0.785287
VariableDeclarator 0.192169 0.186500 -0.885684 0.154596 1.082580 -0.133170 0.471922 -0.281060 -0.233291 0.663713 0.944136 -0.235209 0.329872 0.177030 0.760743 -0.010204 -0.116135 0.113316 0.093763 -0.621752 -0.834023 0.601425 0.249447 -0.276262 -0.191287 0.331940 0.492965 -0.362518 0.368137 0.656863 -0.150754 -0.062947 0.518399 0.044624 0.522161 0.026313 0.802844 0.421411 -0.674259 0.633262
BasicType -0.022660 0.190062 -0.306856 -0.102454 0.997972 0.284280 0.148252 -0.592376 0.053977 0.565852 0.052017 -0.307058 0.576598 0.447276 -0.354701 0.436528 -0.500010 0.239290 -0.002746 -0.154608 -0.731126 0.939794 0.668116 -0.121914 -0.146760 0.548828 0.835374 0.321966 0.128118 0.474262 -0.731546 0.433945 0.321898 -0.084530 0.256029 0.346462 0.213001 0.242779 -0.353660 0.772120
FormalParameter 0.187112 0.492609 0.092106 -0.075191 0.124457 0.042183 -0.611143 -0.833063 -0.085304 0.358954 -0.485235 -0.131094 -0.072929 0.489393 -1.095082 1.168000 -0.389356 0.558291 0.486344 1.098584 -0.486653 -0.120482 0.727364 -1.226963 -0.560947 1.439889 0.651013 0.619303 0.349062 -0.099341 -0.604126 0.138261 0.093879 0.421082 -0.148202 0.004412 0.170370 -0.527310 0.081590 0.564042
Assignment 0.180996 0.048712 0.449971 0.655519 -0.293576 -0.132814 -0.986367 0.025754 -0.153162 -0.251991 1.103956 0.300438 -0.061266 -0.176415 -0.015041 -0.302493 0.355799 -0.113650 -0.237035 0.497536 0.553079 0.511264 -0.135118 -0.333936 0.226894 0.122706 -0.511883 0.270370 -0.144291 -0.914839 0.853061 -0.282681 0.003234 -0.047399 -0.504107 -0.214758 -0.264664 -0.284246 0.234730 0.019402
MethodDeclaration 0.373595 0.107113 0.260119 -0.556864 0.110619 0.381473 0.385068 -0.630768 -0.172227 0.246650 -1.048762 -0.162773 -0.327619 0.038214 -0.834789 0.458223 0.295219 -0.108527 0.354177 0.908226 -0.597731 -0.077212 0.577088 -1.051049 -0.289060 0.639310 0.506552 0.577254 0.051085 -0.013434 -0.833780 -0.626803 -0.327687 0.162945 -0.015584 -0.347478 -0.375762 -0.773988 -0.077130 0.363158
LocalVariableDeclaration -0.164687 0.288052 -0.301011 0.504179 0.458671 -0.008997 0.070879 -0.197017 -0.608953 0.269811 0.468498 0.027685 0.149380 0.016728 0.853322 0.819578 0.048743 1.304679 -0.153948 -0.652388 -0.140804 0.163962 -0.684222 -0.022087 -0.639824 0.606556 0.645185 0.240481 0.354863 0.545172 0.420465 0.296390 0.429718 0.719382 -0.322864 0.164441 0.364393 0.650636 -0.523022 -0.000108
IfStatement 0.029530 -0.310965 0.018920 0.200873 -0.619242 -0.160406 0.228940 -0.169886 -0.047398 0.592229 0.249328 0.594349 -0.667329 -0.493903 -0.080662 0.715665 0.358905 0.919831 0.200815 -0.148745 0.127263 0.230883 -0.714731 -0.340443 -0.302959 -0.014793 0.322325 0.520236 0.136933 -0.432121 0.177955 0.317542 -0.753993 0.237843 -0.115608 -0.005861 -0.071481 0.717207 -0.163806 -0.963600
BlockStatement 0.104048 -0.053437 -0.533150 0.715135 -0.119469 0.166156 0.016131 0.244178 -0.349083 0.192217 0.653979 0.417638 -0.206925 -0.744033 0.853859 0.398872 0.228237 0.886101 -0.178480 -0.305319 0.527407 0.416684 -0.724518 -0.082626 -0.520756 -0.151925 0.453882 1.074168 0.036686 -0.546968 0.744654 0.201954 -0.515461 -0.080009 -0.627116 -0.175917 0.299145 0.960622 -0.547062 -0.743981
ReturnStatement -0.151797 -0.761508 0.383487 -0.642226 -0.244734 -0.507521 1.046512 -0.449627 0.072533 -0.434744 -0.670256 0.215590 0.295038 -0.347740 -0.143160 0.822224 0.760486 0.253331 -0.515442 0.077394 -0.770956 -0.019527 -0.311861 -0.364560 -0.526598 0.379731 0.374163 0.422749 -0.330721 -0.622277 -0.114575 -0.566226 -0.537952 0.130135 0.062379 -0.541822 -0.268336 0.150975 -0.205137 -0.400081
ClassCreator -0.051228 0.463247 -1.279317 -0.127018 -0.038006 -1.202157 0.343586 -0.498419 0.033400 -0.059436 0.181962 -0.045744 0.594614 -0.938652 1.212982 0.670763 0.331404 0.637208 0.414090 1.377551 0.191594 -1.081009 0.174022 -0.534640 -0.560523 -0.435641 -0.514057 -0.246822 0.404645 -0.422192 -0.014665 -0.865797 0.129043 0.482637 -0.458791 -0.710349 1.072962 -0.436095 -0.817051 0.096817
Import 0.477901 0.424581 0.150299 -0.701376 -0.438245 0.128690 0.791566 -0.738310 -0.775920 0.135955 0.983790 -0.591582 -0.587656 1.024407 0.623896 0.178803 -0.486244 -0.891013 0.309443 0.035612 -2.080573 -0.364280 0.496637 -1.336748 -0.013809 2.072014 0.434718 -2.033090 -0.550651 -0.120268 -0.812371 -1.314204 1.055041 0.323139 2.001970 -0.044368 0.603598 -1.750773 1.589288 1.977327
FieldDeclaration -0.482040 -0.066177 -0.520899 -0.085544 0.736394 -0.543341 1.601993 -1.516648 0.727049 -0.656910 1.289311 -0.060918 1.128562 0.191574 0.350167 -0.348533 0.722497 -0.754292 0.079049 -0.231589 -2.106705 1.297845 1.471332 -1.583389 0.597840 0.093894 -0.063514 -1.394290 0.204123 -0.690904 -0.715437 0.164096 0.730158 -0.249591 0.771830 0.562269 0.678461 -1.119738 0.588816 1.090758
+ -0.755541 0.923410 -0.252661 -1.007582 0.135293 0.825383 0.622236 0.501485 0.513338 0.131376 0.543410 -0.292102 0.513095 0.652313 -0.321185 0.359985 -0.815071 0.270679 0.225316 -1.035599 0.408161 1.009394 -0.634598 -0.958031 -0.887983 -1.603239 -1.001756 0.754296 0.375655 -0.038960 0.197305 -0.536405 -0.373839 1.328589 -0.300951 -1.016687 -1.316075 -0.021837 -0.056697 -0.087781
== 0.235313 -0.763808 0.855795 -0.085443 -0.667239 -0.904101 0.112797 -0.365965 0.185949 0.372296 0.298209 0.801761 -0.231943 0.140331 0.291822 0.441503 -0.015432 0.726429 -0.282682 -0.145602 -0.350539 -0.219576 -0.901079 0.302223 -0.637711 -0.012360 0.210938 0.165491 0.235926 -1.384520 0.258748 0.078065 -0.312537 0.262374 0.136893 -0.131067 -0.135424 0.508949 -0.498659 -0.769292
!= 0.620799 -0.545474 -0.478219 0.021544 -0.500089 -0.549179 0.084253 -0.551794 -0.175602 0.854723 0.055998 0.435690 -0.615612 -0.624381 -0.956094 0.425835 0.139149 0.495905 0.089764 0.648915 0.431049 0.468498 -0.946517 0.223977 0.279690 -0.295057 0.200901 -0.020951 1.215032 -0.271208 0.484494 -0.069908 -0.601309 -0.156600 0.222403 0.548633 -0.056047 0.810469 -1.017534 -0.373566
Cast -0.067617 0.053360 -0.243861 -0.806933 0.639371 -1.117311 0.548768 0.003050 -0.405288 0.937669 1.051177 -0.107726 0.218869 -0.078293 -0.658817 0.490229 1.729748 0.421440 0.623206 -0.153649 -0.476530 0.148499 -0.440892 0.121695 -0.037510 0.734095 0.642602 0.571700 -0.034395 0.144726 0.938134 -0.596151 -0.014316 0.279514 -0.608264 -0.344684 0.492350 0.695207 -1.036823 -0.572119
ArraySelector -0.743638 -0.628356 0.446135 -0.332422 0.452293 0.281498 -0.609649 0.404007 -0.530357 -0.901888 -0.095830 0.221052 -0.229744 0.852615 0.430283 -0.386272 -0.137738 0.059172 -0.031421 -0.469617 0.303695 0.456332 -0.357096 0.835228 -0.553623 -0.778826 0.229289 0.402656 -0.483556 -0.909077 0.601208 -0.838108 -0.758844 -0.479588 -0.514947 -0.431651 -0.611773 -0.183633 -0.172407 -0.299437
- -0.463829 0.190864 0.192661 -0.023240 0.082978 -0.523768 -0.017539 0.750591 0.278030 -0.421490 0.686839 -0.646235 1.548167 -0.023848 -0.124338 -0.083631 0.975074 -0.827385 -0.003663 -0.006571 -1.262809 0.546780 -0.549550 -0.194785 -0.653561 0.126705 0.421555 0.863368 0.840315 -0.148357 0.602790 0.634431 -0.288900 0.021418 -0.306495 0.050594 0.058618 -0.109052 -0.400356 -0.138716
This 0.827871 -0.169657 0.176384 1.287349 -0.044611 -0.014356 -0.520459 -1.038108 0.466472 0.014482 -0.044050 0.264718 -0.080854 -1.254210 0.332168 -0.286919 0.646756 0.190893 -0.606346 1.093143 0.120653 -0.053450 -0.425023 -1.090870 0.283258 0.166519 -0.096670 0.224991 0.465573 0.001782 -0.727716 -0.759994 -0.488080 0.295484 0.028810 -0.680399 0.024338 0.167570 -0.220094 0.085837
++ -0.159371 -1.031229 -0.860878 -0.024800 0.520892 0.388840 -0.385231 0.716224 -0.195869 -0.026001 0.090563 0.285319 -0.693596 0.654817 0.394802 -0.218758 -0.146632 0.102592 -0.001905 -0.560655 0.350043 0.366510 0.309312 0.608930 -0.382028 0.253306 0.880815 0.557899 -0.681131 -0.278332 0.580659 -0.165632 -0.438434 -0.949314 -0.662457 -0.243071 0.167363 1.136569 0.105251 -0.437713
< 0.228049 -0.628151 -0.783481 -0.052642 0.564778 0.440625 -0.514794 0.927679 0.228471 0.925205 0.228033 0.150408 -0.341848 0.086820 0.265872 -0.475818 -0.710742 -0.289438 -0.009437 -0.137590 0.264557 0.473991 0.098546 0.650349 -0.333838 -0.660588 0.486921 0.767195 0.132127 0.320409 -0.015034 0.136790 -0.889605 -0.725820 -0.064665 -0.397596 0.131730 1.003224 -0.736343 -0.442782
SwitchStatementCase -0.139433 1.673380 0.060031 0.377982 0.181284 0.331194 0.749377 0.592862 -0.324619 -1.840104 -0.482382 -1.355839 1.784415 -1.473034 0.369845 0.141466 1.277131 -0.372405 -0.332716 0.146932 0.718911 -1.121045 -1.736762 0.214381 0.522027 -0.242536 -0.312045 1.583914 -0.477115 -0.750539 1.349131 -0.415676 -0.171237 -0.776007 0.267292 -0.448181 0.287573 0.275715 -0.360889 -0.673140
&& -0.078594 -0.334018 0.515770 0.032666 -0.774472 -1.156546 -0.072319 0.210241 0.113831 0.845242 -0.292502 0.690809 -0.542647 -0.671999 -0.986053 -0.209872 -0.410148 0.399670 0.316252 -0.090009 0.460096 0.482053 -1.061766 0.322436 -0.778019 -1.126082 0.523947 0.088772 -0.212757 0.023586 -0.263137 0.117084 -1.639142 -0.105957 0.590036 0.268520 0.741746 1.098023 -0.951743 -1.396897
ThrowStatement -0.345813 0.714986 0.016909 0.577295 -0.077921 -0.640175 0.786311 -1.369630 0.476910 -0.179912 -0.600244 0.589615 0.062726 -0.897590 0.017461 0.781384 0.645450 1.324978 0.609350 1.114519 0.724565 0.005272 0.799888 -1.431001 -0.681691 -0.716562 -0.579012 0.753843 0.511000 -0.845724 -0.236634 0.260679 -0.300469 0.455439 -1.104457 -0.201335 0.490104 -0.509583 -1.098544 -0.626212
ForControl 0.540512 -0.932765 -0.613911 -0.043037 0.706505 0.472478 -0.900696 0.608267 0.276140 0.860830 0.116581 -0.094366 0.400595 0.095851 0.939473 0.031949 -0.480939 0.233920 -0.949016 0.142003 0.188478 0.629365 0.380007 1.929194 -0.000098 -0.234070 -0.046893 0.996535 -0.134816 0.585336 -0.306365 0.066958 0.074351 -0.381960 -1.107081 -0.303289 -0.537023 0.963643 -0.531092 0.676211
ForStatement 0.492326 -0.684067 -0.809048 -0.254618 0.663153 0.535709 -0.770024 0.706187 0.278838 0.846838 -0.038074 -0.270319 0.445257 0.140823 0.563611 0.158051 -0.513329 0.040919 -0.723392 0.304665 0.058056 0.537134 0.419656 1.877872 0.069390 -0.182541 0.049465 1.005689 -0.087060 0.609982 -0.378640 0.114568 0.083900 -0.375023 -0.941802 -0.157518 -0.535573 0.771817 -0.295347 0.459034
BreakStatement -0.488409 1.100785 -0.177404 0.158704 -0.279164 -0.310817 0.131695 0.314773 0.612454 -1.287649 0.454804 -0.738655 1.662476 -1.144770 -0.317394 0.320079 1.174173 -0.156830 0.017653 0.401447 0.594723 -0.443383 -0.950567 -0.137457 0.466459 -0.134926 -0.317217 1.348567 -0.533480 -1.496576 1.191069 0.497863 -0.642808 -0.901412 -0.066340 0.047259 0.388828 0.612039 0.415506 -1.123341
ClassDeclaration 0.208477 -0.303000 -0.334316 -0.698144 -0.667349 -0.255957 0.925366 -0.840524 -0.044726 0.355159 0.705124 0.027334 -0.012184 0.154442 0.323926 0.777832 -0.069185 -0.224900 0.020965 0.512687 -1.871893 0.565949 0.923044 -1.361196 0.215123 1.063453 0.322937 -0.771621 -0.789358 -0.448347 -1.337617 -0.100685 0.315729 0.039992 0.624869 0.363127 -0.032144 -1.443585 1.245259 1.260033
VariableDeclaration 0.523177 -1.158374 -0.448782 0.235039 0.706655 0.410926 -0.799268 0.598610 0.001747 0.736024 0.273491 0.210988 0.486437 -0.035649 1.022027 0.027877 -0.541583 0.526720 -1.177717 -0.138889 0.119153 0.796384 0.141474 2.023846 -0.228242 -0.227157 0.087558 0.943915 -0.208306 0.568366 -0.210379 0.206386 0.287786 -0.342963 -1.032031 -0.438751 -0.341282 1.215454 -0.658969 0.382614
instanceof 0.420636 -0.039565 1.157848 0.637196 -0.890127 -1.036860 0.072826 -0.316655 -0.342821 1.120895 0.796335 0.924754 -1.459315 -1.054334 -0.498058 0.337783 0.990333 0.917872 0.464750 -0.320720 0.734901 -1.679834 -1.304460 -1.000924 0.719880 0.894198 -0.079987 -0.261846 -0.241803 -0.267714 0.957111 -0.386977 -0.146868 0.925902 1.038080 -0.751081 0.709952 0.919205 -0.458153 -1.589052
ConstructorDeclaration 0.199871 0.149608 -0.191994 0.078891 -0.051853 -0.906953 -0.965438 -1.120567 0.801373 -0.026899 0.807003 0.030970 0.396215 0.332604 -1.292284 0.031750 -0.038517 -0.613725 0.336169 1.371012 -0.551585 0.200177 1.635058 -1.203877 0.893084 1.206351 -0.399388 -0.966937 -0.214302 -0.367250 -0.838453 0.235046 0.732122 -0.213269 0.287616 0.505956 0.764615 -0.897358 1.418821 1.001050
PackageDeclaration 0.226959 0.954431 -0.167967 -1.457360 -0.051177 -0.029254 1.039228 -0.211883 -0.570282 0.108434 -0.210221 -1.120696 0.251031 0.902232 0.066345 0.541664 -0.713598 -0.976586 0.651923 0.593898 -1.654888 -0.886999 0.808945 -0.438696 0.242481 1.120629 0.043385 -1.798033 -0.740561 0.713882 -1.543690 -0.576450 0.978990 0.188012 1.939596 0.471274 -0.084713 -2.293639 1.006029 1.927476
ArrayCreator -0.222924 0.601438 -0.227243 0.789126 1.839401 -0.242570 -1.017484 -1.092042 0.494766 -0.635887 0.908855 0.466931 0.417084 -0.006352 1.110686 -0.007364 -0.359167 0.997315 -0.273797 0.183733 -0.182793 0.413245 0.161134 0.150546 -0.016717 -0.673382 -1.096180 -0.434556 -0.070855 0.168583 -1.465354 0.420568 0.166823 -0.116440 -0.153013 -0.948892 -0.353228 -1.006221 -0.469059 -0.077354
CatchClause -0.740677 -0.692745 -0.447287 0.193631 0.213080 -0.878482 0.447086 -0.615684 0.370405 -0.913875 -1.079808 0.781926 -0.135997 -0.470586 0.393673 0.204923 1.696081 0.831161 0.419000 0.693052 0.685663 -1.004024 0.611101 -0.805451 0.005754 -0.555073 -0.944034 0.081292 0.917707 0.286901 0.358161 -0.058967 0.297016 1.087677 -1.923495 -0.455107 -0.256871 -0.285532 -0.473390 -1.012213
CatchClauseParameter -0.547125 -0.554877 -0.431450 0.323452 0.189986 -0.682727 0.431066 -0.647168 0.902371 -0.566777 -1.185653 0.692396 -0.324116 -0.556324 0.298174 0.172984 1.523193 0.705641 0.653197 0.759336 1.090897 -1.121040 0.876129 -0.875285 0.062636 -0.594240 -0.866027 0.114578 1.169965 0.474790 0.412581 0.055372 0.190608 1.189790 -2.016023 -0.455316 -0.092644 -0.036852 -0.635477 -0.983933
TryStatement 1.048559 -0.412433 -0.769652 0.605336 0.456804 -0.335338 0.084802 -0.906724 -0.161762 -0.809797 -0.477036 0.405680 -0.824319 0.349535 -0.279603 0.317868 0.296408 1.117964 -0.404601 0.215975 0.169835 -0.501900 -0.363860 -1.165279 -0.922075 1.262158 -0.075374 0.022337 1.218386 0.145505 0.352527 -0.330316 0.571455 0.405919 -0.717331 -0.510288 0.364723 0.730727 -0.821296 -0.376919
TernaryExpression 1.281341 -0.304059 0.207034 -0.574412 -0.056311 -0.654432 0.347666 0.173308 0.064164 0.452047 -0.203795 0.250021 0.022110 -0.016553 -0.049112 0.294931 -0.348878 -0.408311 -0.940267 0.710851 -1.432150 -0.227328 -0.795241 -0.323958 -1.441667 0.173599 0.041179 0.296766 0.854377 -0.551767 0.179853 -0.502881 -0.594327 0.238218 0.469801 -1.038514 -0.245932 -0.329161 -1.476939 -0.469568
|| 0.736617 0.409008 0.609293 -0.278961 -1.957151 -0.264836 0.288524 0.373072 -0.234178 1.943829 -0.065705 0.369040 -0.886815 -0.505685 0.272567 0.495647 -1.227835 0.323050 0.515068 0.386780 -0.180183 -0.968137 -1.181083 -0.019346 -0.818532 -0.350306 0.900360 0.325123 0.483943 -1.443130 0.427771 0.586722 -1.345959 -0.252962 1.850789 0.635863 0.738531 0.472219 -0.853986 -0.834270
! 0.106414 0.716168 -0.595143 0.369947 -0.554651 -0.791369 0.507008 -0.377762 -0.132556 -0.197479 0.143158 0.651419 -0.281163 -1.325955 -0.819671 1.260545 0.170648 1.422672 0.201704 0.704523 0.680020 1.094527 -0.100058 -0.344736 -0.800198 -0.277851 0.117420 0.802064 -1.001121 -0.917575 -0.604974 0.634275 -0.823041 -0.589563 -0.816546 0.250808 0.595133 0.236570 -0.150243 -0.941609
ArrayInitializer 0.605119 0.798091 -0.236815 0.570237 1.546993 -0.402681 0.594809 -1.835921 0.355160 -1.781008 -0.108222 0.395848 0.134329 -0.335373 1.035832 -0.186231 -0.063438 1.004367 -0.497420 -0.087386 -0.244077 -0.172154 -0.389246 -0.015990 -0.070250 -0.440452 -1.172413 -1.345793 -0.133230 0.103680 -1.549204 0.393918 0.429863 -0.638416 0.643586 -0.761150 -0.108759 -1.002077 -0.562853 -0.573499
> 0.312020 -0.459493 0.271395 0.520712 -0.528197 0.438592 -0.189167 0.764776 -0.199602 0.352556 0.202116 0.367452 -0.234666 -0.357893 -0.272618 -0.545752 -0.331546 -0.443231 -0.427376 -0.040188 -0.066963 0.934826 -0.871432 0.211251 -0.442332 -0.750880 0.315698 0.270815 0.855321 0.121266 0.657690 0.738376 -0.848033 -0.127155 0.041980 0.418312 -0.325871 0.261942 -0.524589 -0.782690
WhileStatement -0.776543 -0.002463 0.845911 1.036576 -0.476184 0.124808 -0.404039 0.188583 -1.223952 0.056413 0.588442 0.336417 -0.994397 -0.631263 -0.325657 -1.030582 0.944056 -0.100142 0.798729 -0.318455 0.660439 0.921016 -1.025339 -1.117729 -0.217073 -0.513529 1.151016 -0.260696 0.504331 0.256064 0.924185 -0.531832 -1.257950 0.201817 0.418326 0.660594 0.754583 0.057964 -0.685355 -0.592211
ConstantDeclaration 0.106478 1.196498 -1.674961 -0.272145 0.603795 1.415853 1.261387 0.878645 -0.193859 0.733925 -0.173592 -1.275986 0.081619 -0.222164 1.346710 -0.503658 -0.775528 -0.804853 0.507834 -1.412111 0.874692 -0.534555 -0.062074 0.144341 1.048020 -1.117794 -0.301238 -0.957887 0.588690 1.437371 0.136179 -0.331819 1.183324 0.258334 0.692969 0.232822 -0.175708 0.327350 0.119479 1.547591
| -0.805899 0.371936 -0.816792 -1.509451 -0.431312 -0.707965 -0.012895 0.206761 0.200739 -0.342215 -0.582683 -0.437914 0.563143 0.813380 0.694038 0.486764 -1.756355 -0.092828 0.391955 0.056216 1.225658 -1.911317 0.629328 2.319530 1.152840 -0.696609 -1.123449 -1.500486 -1.220560 -0.532611 -0.138485 -0.384508 1.010552 -0.365272 0.795563 0.578015 0.400594 -0.257776 1.282864 0.750095
SuperMethodInvocation 1.486859 -0.132060 -0.463096 -0.201758 -0.693179 -0.610122 1.009635 -0.632955 -0.091277 0.016909 -0.480458 0.278508 -0.434065 -0.876280 -1.679826 0.785787 0.769012 0.401026 -0.678404 0.463800 -0.012417 1.250119 -0.421378 -0.731624 -0.134151 0.460219 -0.508364 -0.130703 0.284741 1.215505 -0.663271 -0.250968 0.344730 0.816808 -0.647524 0.079125 -0.694552 0.232206 -0.323309 0.189815
>= -0.659051 -0.134394 0.824642 0.556077 -0.558982 0.559297 -0.287462 0.975831 -0.048737 0.753662 0.270893 0.305854 0.254148 -0.374467 0.730401 0.130617 -0.774590 0.096613 -0.146263 -0.441179 -0.393639 0.911065 -0.259637 0.356213 -1.023142 -0.978398 0.715401 1.185701 0.056111 -0.208574 -0.095887 0.978626 -1.068185 0.319219 -0.013462 0.174295 -0.177355 -0.069086 -0.482120 -0.450138
& 0.059136 0.622314 1.000360 -0.972158 0.103611 0.831216 0.716958 -0.067500 -0.835167 -0.040992 -0.835708 -0.366701 -0.318865 1.337980 -1.051704 -0.206117 -1.139789 0.073850 -0.322316 -1.838795 0.384186 0.425511 -1.075682 1.672004 0.302180 -0.434659 0.215880 -0.303466 0.143566 -0.178330 0.718320 -0.721107 0.317784 -0.236297 1.286258 0.934180 -0.566404 0.584927 -0.039416 0.037690
SuperConstructorInvocation 1.049713 0.235062 0.206492 0.356998 -0.899252 0.764713 -0.745767 -0.504090 0.190803 0.853301 0.413528 -0.270623 0.092202 -0.304037 -0.253532 0.834889 -0.353475 -0.665719 -0.136465 1.720749 -0.206564 -0.932851 0.994361 -0.916236 1.487525 1.669898 -0.395192 -0.273591 0.211975 -0.223441 -0.019854 0.125558 1.192354 0.645781 0.306982 -0.006592 -0.460501 -0.878777 1.444562 1.336826
-- -0.240621 -1.318099 0.394971 0.104854 -0.762801 1.056327 0.526714 0.966004 -0.730435 0.398680 -0.802565 0.260636 -0.377049 -0.649371 1.175127 -0.523263 0.937557 -0.881307 -0.163209 0.169439 -0.877334 0.713472 0.420465 0.188073 -0.269833 -0.325650 1.166792 0.779138 0.179035 0.110582 0.128093 0.485553 -0.880068 -0.235474 -0.688205 0.543033 -0.537690 -0.733799 -0.125176 0.056863
+= -0.559093 0.233990 0.541128 0.547668 0.087698 1.488136 -1.596832 0.719299 -0.313116 0.432826 1.152422 0.164460 -0.391393 -0.199661 0.698847 -0.164789 -0.001737 0.340648 0.221399 -0.315705 0.699651 0.693153 -0.334489 0.084156 0.715762 -0.408670 -0.373453 0.695245 -0.532332 0.301467 -0.045434 0.309180 -0.743386 0.361561 -0.600383 -0.345079 -1.393051 -0.485577 1.239995 -0.231849
<= -0.099000 -0.044600 0.918200 0.437004 -0.649160 0.331889 -0.518889 1.028376 -0.185556 -0.197801 -0.863370 0.055919 0.215587 -0.109369 0.053538 -0.784575 -0.918238 -0.319144 -0.463628 -0.564545 0.037120 0.825821 -0.469281 0.307899 -1.444496 -0.473499 0.766248 0.971898 -0.594933 0.500366 -0.562255 0.214913 -0.930111 0.177164 -0.260499 0.103574 0.213992 0.432418 -0.072454 -0.294004
<< -1.285764 0.264052 0.583379 0.061298 0.324689 -0.573437 1.228642 -1.077914 1.403523 -1.306392 -0.631568 0.150080 0.777337 1.389478 -0.565468 -1.186668 -1.346863 -0.453453 0.473098 -1.741955 0.043524 0.492554 0.630414 -0.797759 0.235625 -1.273992 -0.565596 -1.310181 0.519102 -0.435537 -0.265625 1.255248 0.373970 -0.130397 1.335927 1.156064 0.603452 0.344143 0.452897 -0.251663
SwitchStatement 0.268931 0.802538 -0.060640 0.518971 0.584136 0.968501 0.588261 -0.457821 -0.662217 -1.215266 -0.528205 -0.928675 0.699244 -0.069442 0.135354 0.237424 0.342463 0.285984 -0.449718 -0.657597 0.784185 -0.373014 -0.860170 0.046406 0.571412 0.754760 0.240147 0.736836 -0.028475 -0.256923 1.295569 -0.380830 0.688654 -0.401723 0.119289 0.231530 0.042719 0.858388 0.042051 0.388639
InterfaceDeclaration 1.004254 1.109858 -0.272229 -1.118460 0.310531 1.284509 -0.373060 0.978961 -0.080416 0.537215 -1.645245 -1.535839 -0.555899 0.524970 -1.360462 -0.972007 -0.821109 -2.803179 1.182881 0.710885 -0.632144 -1.794447 1.626945 -0.050278 1.177158 0.907661 0.522438 -0.500993 0.236536 1.898949 -1.630395 -0.171838 1.063259 -0.219519 0.811617 0.025168 -0.339466 -1.967017 0.893762 2.012117
* -1.097385 -0.063745 0.389829 -0.474046 0.973889 -0.054437 -1.330392 0.971462 1.054164 0.273687 1.897643 0.213469 0.645788 1.651839 -0.239737 -0.130381 -0.298841 -0.322225 0.355719 -0.743846 -1.441530 1.313536 0.720916 -0.397458 -1.480256 0.031846 -0.122357 0.643807 -0.354604 -0.231834 -0.396113 1.015182 -0.342184 0.376881 -0.885916 -1.010613 -0.607854 -0.557157 0.780161 -0.394557
/ -1.296262 -0.064741 0.569814 -0.697023 -0.296318 -0.327436 -0.747240 1.899999 -0.842767 0.451359 0.871994 -0.387878 0.593624 0.672865 0.285372 -0.701868 0.321996 -0.701500 0.327479 -0.579223 -0.411543 1.202163 -0.204953 0.066007 -1.738828 -0.577467 0.618113 0.207203 -0.691236 1.474120 -0.084627 -0.840481 -0.266729 1.579068 -1.269848 -0.251054 -0.175272 -0.315758 0.101901 0.386059
ContinueStatement -0.073625 -0.041581 0.606871 0.226313 -1.628758 0.293573 0.864956 0.835822 -0.309517 0.453199 -0.042932 0.179344 -0.380254 -1.412114 0.157500 1.220990 0.956407 0.114466 -0.034073 -0.420274 -0.222164 -0.691644 -0.551402 0.682066 1.039801 0.677175 0.457130 0.760505 -1.553047 -0.048899 0.222267 1.118608 -0.211644 0.024056 0.484547 0.442792 -0.472133 0.298099 1.194451 -0.804230
>> -0.214237 1.453141 -0.889350 -0.604718 0.575826 0.988146 0.562727 0.710862 0.444103 -0.227132 0.318777 -1.120308 1.365939 1.391747 -0.707299 -0.230216 -0.728874 -0.346932 0.238151 -1.708799 0.884539 0.352672 -0.050292 0.859204 0.679825 -0.591021 -0.614073 0.309909 0.274247 -0.232762 1.723310 0.781142 1.252463 -0.118636 -0.346739 1.188740 -0.176970 1.173209 0.932254 -0.334179
ClassReference 0.283556 0.508526 0.722941 1.085265 0.356052 -0.622357 0.390689 -1.022197 -0.499004 0.011403 0.804060 0.714642 -1.003263 -0.424932 2.856109 -0.686579 -0.035108 1.256267 -0.011440 -0.850408 -0.017552 -1.600689 -0.895256 -0.345590 -0.572036 -0.378637 -0.771044 -1.865035 0.363150 -0.239748 0.159634 -1.100720 0.253106 1.098579 0.909904 -1.023951 0.811632 -0.400860 -1.399107 -0.253786
% -0.904169 -0.215294 1.163197 -1.143989 -0.097505 -0.433546 -1.175871 0.362503 -0.496939 0.940049 0.384204 -0.348439 0.373105 1.423255 -0.017250 -0.634907 -0.660423 0.060498 0.368205 -0.833143 0.193800 0.623211 -0.537954 1.391304 -0.832299 -0.946248 0.109725 -0.378065 -0.152026 0.737574 -0.093353 -1.198703 -0.003120 1.184934 -0.117938 -0.009961 -0.368440 -0.056256 -0.269108 0.718868
ExplicitConstructorInvocation -0.103417 -0.416703 -0.470938 0.033818 1.104992 -0.660446 -1.789236 -0.135420 0.661602 -0.384220 1.232679 0.440397 -0.508250 0.992158 -1.438854 -0.188486 0.562248 -0.467347 0.817228 1.226327 -0.510009 -0.317954 1.365920 -0.243233 0.639134 1.227655 -0.382584 -0.717030 -0.393272 -0.188432 -0.731113 1.150117 0.129290 -1.234239 -0.362191 -0.467834 0.484885 -0.976506 1.047140 -0.767526
>>> -0.686241 0.011274 0.922654 -0.143245 0.807221 1.365890 0.102935 0.145022 -0.623942 -0.190871 -1.470314 -0.067401 -0.274152 1.387460 -0.560426 0.358454 -0.860449 0.029404 -0.068357 -1.041949 0.481155 0.309147 0.452701 1.154465 -0.289869 -0.362938 -0.010487 0.396088 0.976503 0.524858 0.207798 0.448721 0.360161 0.378159 -0.335188 0.462791 -0.985903 -0.435028 -0.766591 0.162237
DoStatement 0.906738 -0.563056 0.061110 0.959782 -0.153374 -0.274922 -0.470468 0.588759 -0.314936 -0.075462 -0.243678 0.807010 -0.819188 -0.019492 -1.142718 -1.065410 -0.728305 0.113477 -0.521967 -0.543748 0.515568 0.681895 -0.983877 0.014579 -1.310603 0.022089 0.478587 0.096667 1.001802 0.286915 0.831196 0.689349 -0.648142 -0.448268 0.132612 0.238850 0.554917 1.571587 -1.313406 -1.381461
|= -0.664383 -0.145457 -0.230323 0.124421 -0.164917 0.659781 -1.808253 2.008554 -0.167250 -1.116352 0.042009 -0.329783 0.002903 0.422164 0.098419 -0.980646 -0.470316 -0.884436 -0.270633 -0.345159 1.760058 -0.591682 0.312607 1.173281 0.177008 -0.096835 -0.113225 1.148046 -1.876223 -0.549185 0.985114 -0.495983 -0.057233 -1.394865 -0.887085 -0.502813 0.242828 0.625317 0.796897 -0.056025
-= 0.390503 0.284511 1.459507 0.869994 -0.801268 1.417198 -0.482714 0.839404 -0.709386 -1.799751 -0.123483 -0.060548 -0.119524 -0.312313 -0.284874 -0.850062 0.001669 -0.692585 -1.504937 -0.875704 0.727090 0.867855 -1.053220 0.426550 0.058934 -0.080639 -0.685969 0.148251 -1.340986 -0.130578 0.346988 -0.048342 0.117237 -0.403360 -0.141097 -0.242170 -1.386688 -0.238810 1.363321 0.053681
Statement -0.028078 -2.336703 -0.314421 0.733717 -0.555354 0.509207 -0.889398 0.672090 -0.428753 -0.285483 -0.814876 0.752137 -1.402564 0.160939 -0.012105 -1.359033 -0.150574 -0.694538 -0.298962 0.152242 1.292034 0.032332 0.707232 0.522569 0.756571 -0.295105 0.507033 -0.459361 0.379803 0.441353 0.776075 -0.050070 -0.302578 -0.838734 -0.572835 0.792076 0.081036 1.053936 0.103017 -0.500951
&= -0.879401 -0.469223 1.207374 0.115177 -0.726475 0.317174 -0.770761 0.115599 -0.260529 -0.197387 0.276192 -0.245368 0.009184 1.112403 -2.078288 -0.181155 0.203007 -0.382840 -0.276385 -0.532174 0.248429 1.473806 0.570756 0.492308 0.968112 1.159609 0.466974 0.226556 -0.774346 -0.479271 0.694327 0.761521 0.766561 -0.507415 -0.209505 1.386022 -0.625741 0.382614 1.718303 0.599478
SynchronizedStatement 0.841715 -1.062270 0.276833 1.207366 -0.200304 0.659571 -0.911750 -0.525474 -0.340322 -0.673538 -1.501447 0.268197 -1.023429 -0.493555 1.021735 -0.441977 0.477405 0.733101 -0.818471 0.632419 0.865043 -1.360729 -0.147428 0.012959 0.625930 0.821354 -0.073698 -0.429679 0.180593 0.748171 0.286682 -0.642291 0.485462 0.248873 -0.691503 -0.183602 -0.183806 0.301430 0.143753 0.094624
*= -1.110863 0.952385 1.359243 1.173073 -0.257230 0.106079 -0.416176 -0.217120 0.433077 -0.395578 0.267783 0.250505 0.953724 0.370782 -0.062959 -0.406530 -0.364870 0.144700 0.143781 -0.855406 1.128024 0.563009 0.987968 0.590783 0.355922 -0.279054 -0.642268 -0.398626 -0.133540 0.168248 0.404421 2.036645 1.420013 0.403524 -0.911769 1.729107 0.564332 -0.258348 0.779865 0.170063
~ 0.599655 -0.905266 1.246462 -0.952001 0.016644 0.581268 1.539003 -0.194557 -0.040263 0.106156 -2.555313 -0.824982 0.140192 -0.543368 -1.081112 -1.049400 0.499240 -1.836205 -0.688077 0.267276 -0.284885 0.138026 0.618510 1.823569 1.470016 -0.891985 0.482754 0.225945 -0.967635 0.797941 -0.924683 -1.060331 -0.711072 -1.487625 1.297411 0.373437 -0.214250 -0.137554 -0.253745 0.548517
^ -0.054838 -0.445509 -0.586295 -1.111897 -1.357736 -0.431352 0.575486 -0.093370 0.795312 0.207197 -1.805161 -0.295962 0.052910 -0.041713 -0.875336 1.116361 -0.590850 0.125217 0.162628 0.970721 0.678515 -1.812903 -0.087688 0.364061 1.084816 0.053329 -0.715648 -0.741578 -0.190438 0.139627 -0.325612 -0.278865 0.187046 0.355887 0.612059 0.135868 -0.547860 0.494367 0.821277 0.217944
>>>= 0.214307 -0.725501 0.362931 0.831401 -0.309058 -0.017634 -0.932032 0.606711 0.418327 -0.788362 -0.546852 0.171638 -1.201995 -0.327370 -0.280421 -1.821647 -0.104809 -1.060501 -0.044537 -0.130828 1.351761 -1.222240 0.230416 1.140804 1.438711 -0.491146 -0.651340 -1.057662 -0.220637 0.407649 0.097708 0.469398 0.141172 -1.459494 0.702738 0.439117 0.371814 0.427965 0.272666 -0.255326
%= 0.021826 -0.845551 -0.025092 0.651599 -0.253298 0.266315 -0.546463 0.602428 0.059164 -0.372200 -0.467727 0.097016 -0.855749 -0.016321 -0.087939 -1.294043 0.014027 -0.852581 0.047121 -0.261375 0.786248 -0.320168 0.559127 0.535255 0.959726 -0.268166 -0.162848 -0.735366 0.012788 0.528389 0.102618 0.489811 0.195785 -0.813939 0.036497 0.536303 0.156581 0.274006 0.345227 -0.022760
<unk> 0.003232 -0.020565 0.019899 0.025385 -0.023175 0.000946 -0.024587 0.016276 -0.015333 0.008895 0.016189 0.027829 -0.006252 -0.010066 -0.005566 0.002869 -0.005607 0.030072 -0.012983 -0.009672 0.048825 0.042539 -0.057713 0.016911 -0.033064 -0.027204 0.008124 0.050724 0.005889 -0.021225 0.049357 0.007223 -0.040533 0.015869 -0.024483 -0.004177 -0.010003 0.055711 -0.023021 -0.061052
