MemberReference 0.246160 0.292283 -0.021214 0.192918 -0.283484 -0.221304 0.200871 -0.248473 0.516099 -0.147951 -0.317581 1.215502 -0.182387 0.136044 -0.075511 0.472228 0.050570 0.089455 0.269366 0.151616 0.047261 -0.219855 0.312476 -0.038295 -0.081814 0.324769 -0.196003 0.115745 -0.269793 -0.385587 -0.126803 0.205983 0.942816 -0.352763 -0.081908 -0.076532 -0.100325 -0.171595 0.143042 -0.088422
Literal -0.277987 0.050928 0.329668 -0.521992 -0.037137 -0.343057 1.098840 0.592634 -0.571277 -0.839093 -0.178418 0.408194 0.006503 0.057338 -0.241688 0.086884 -0.324994 -0.135054 0.367626 -0.041648 -0.438201 0.263686 -0.917878 -0.269284 0.644757 0.106854 0.004864 -0.708206 -0.142006 0.496318 -0.202895 0.651681 -0.079401 0.182713 -0.230873 0.626624 -0.470800 0.071319 0.970855 -0.030433
MethodInvocation 0.549454 0.236382 0.210007 -0.775771 0.003244 0.013799 0.375034 -0.728874 0.098506 -0.672840 -1.056527 -0.189606 -0.172262 0.097616 -0.116943 0.310678 -0.234555 -0.041509 -0.048082 -0.752450 0.347855 -0.146706 -0.933595 0.482096 0.411562 -0.372121 0.104425 -0.428116 -0.526889 -0.159386 -0.757312 0.389293 -0.449266 0.012375 0.031944 0.316990 0.522066 0.081759 -0.232418 0.275208
StatementExpression 0.362710 0.171604 0.217578 -0.021413 -0.082271 -0.757866 0.518278 0.156043 0.200869 -0.697571 -0.623332 -0.085388 -0.628860 -0.267794 -0.354699 0.682283 -0.069939 -0.088654 -0.581813 -0.395503 0.239286 -0.194627 0.128737 -0.142140 -0.511923 0.221853 -0.054341 0.111738 -0.767337 -0.277669 -0.352388 0.198776 0.764958 -0.137005 -0.142671 -0.083887 -0.107805 -0.749354 -0.229119 -0.489390
BinaryOperation -0.036165 0.494010 -0.105480 0.554963 0.247649 -0.190315 -0.191068 -0.868725 0.002907 -0.446673 0.715484 1.408605 0.508723 0.957246 -0.311525 0.479890 -0.361642 0.169405 1.128966 0.358294 -0.075168 -0.285051 -0.158002 0.073722 0.110986 0.139228 0.126397 0.439317 1.039032 0.410190 -0.682699 -0.304952 -0.158200 0.931357 -0.036979 1.241940 -0.339424 0.164093 0.496130 0.279067
ReferenceType -0.180072 0.026540 0.252358 0.131514 -0.080371 0.713234 -0.090280 0.179557 -0.344388 -0.971976 -0.450506 -0.574950 0.574401 -0.905710 -0.792076 -0.705739 -0.186825 0.546622 -0.820403 -1.017393 0.201611 0.378357 0.179480 0.383556 1.100326 -0.086745 -0.127244 0.645132 0.495984 -0.483772 1.004211 0.106836 -0.715402 -0.649023 -0.242987 0.009013 0.007598 -0.415447 -0.572677 -0.227063
BasicType 0.396555 -0.191335 0.371846 -0.099106 0.343817 0.026516 0.251923 0.407769 -0.361177 0.350291 -0.068238 0.620044 0.225649 -0.196072 -0.142214 -0.351252 -0.176011 -0.430566 0.957188 -0.019205 -0.321341 0.586224 0.226417 0.357927 0.665180 0.643772 -1.116395 0.465370 -0.358251 0.521551 1.008715 0.323246 -1.196291 -0.563256 -0.618053 -0.420935 0.008754 -0.021788 0.418294 0.519071
VariableDeclarator -0.570297 0.030529 0.369223 -0.298404 1.094188 0.255498 0.745394 0.140196 -0.387436 -0.100784 0.399878 -0.388806 0.356869 -0.527603 0.084336 -0.328416 -1.327211 -0.362385 1.299708 0.013922 0.013560 0.696159 0.252435 0.141217 0.897592 0.020148 -0.402799 0.466496 0.284990 0.087818 0.780707 0.753747 -0.341981 -0.644322 -0.005246 -0.435239 0.185553 0.638169 0.531815 0.076702
Assignment -0.144973 0.209954 0.153137 0.308638 -0.074347 -0.612132 0.059667 -0.133308 0.602089 -0.297849 -0.476791 0.185743 -0.248677 0.208519 -0.242711 0.694573 0.094179 -0.267125 -0.782895 0.148419 0.429580 -0.000852 0.348202 -0.310115 -0.954830 0.194798 -0.020177 0.160765 -0.012141 -0.412415 -0.056319 0.003758 1.320861 -0.298621 0.232441 -0.310066 0.086234 -0.402835 -0.427435 -0.172420
BlockStatement -0.054770 -0.110301 0.055005 -0.375152 -0.815724 -0.035029 0.203075 -0.359911 0.244435 -0.022473 -0.078442 1.222456 -0.611866 0.318552 -0.135171 0.978291 -0.300514 0.306559 -0.362241 -0.015011 -0.152270 0.466663 -0.940135 -0.193320 0.141160 -0.446579 0.285149 0.157649 0.352669 0.080565 -0.663966 0.474805 0.386983 -0.543266 0.923065 0.260233 0.088795 0.471234 -0.302314 0.382294
IfStatement -0.520078 0.186584 0.135535 0.028044 -0.803478 -0.056211 -0.356665 -0.424864 -0.455202 -0.535193 -0.396028 1.029766 -0.629207 0.038692 -0.212872 1.116370 -0.253380 0.706075 0.107449 -0.146862 0.437783 0.241527 -0.705437 0.091175 0.387070 -0.171444 -0.160841 0.251756 0.162455 -0.195863 -0.649341 0.198562 0.385737 0.235504 0.440525 0.362602 -0.391159 0.040877 -0.349112 0.376727
FormalParameter 0.197473 -0.005049 0.442923 0.041923 -0.290119 0.366221 -0.576821 0.465070 -1.079870 -0.291341 -0.394176 0.488506 -0.226060 -0.851684 -0.740012 -0.513946 0.299973 0.614799 -0.338661 -0.491924 -0.639917 -0.428011 0.733872 -0.102983 0.725733 0.273944 -1.240027 1.045478 -0.934703 0.135268 1.111561 -0.189335 -1.435550 -0.466977 -1.160026 0.368656 -0.419226 -0.440904 -0.347112 0.247559
LocalVariableDeclaration -0.125369 -0.348384 0.275478 -1.125752 0.389921 -0.207915 -0.143025 -1.154154 -0.304411 0.556874 0.320194 0.490613 -0.100691 -0.153745 -0.267125 0.017232 -1.221091 -0.361099 0.068304 -0.161048 0.175149 0.558767 -0.114570 -0.064562 0.421590 -0.123498 -0.481551 0.823957 -0.068185 0.135820 0.441579 0.303986 -0.345494 -0.587770 0.335667 -0.310304 0.020658 0.509492 -0.144703 0.506091
ReturnStatement 0.964901 0.428828 1.338190 0.226062 -0.279045 0.843088 -0.148920 -0.696689 0.379718 0.104253 -0.962465 0.535029 0.111903 -0.154089 0.045291 0.212517 0.231502 0.379352 0.318450 0.222674 0.341224 0.464562 -0.646482 0.261374 0.566662 0.340982 -0.455957 -0.281985 -0.677202 -0.527214 0.040175 0.210255 -0.070058 -0.262121 0.684126 0.549328 -0.526808 0.043166 -0.381701 0.136935
MethodDeclaration 1.058282 0.248663 0.945056 0.098006 -0.064651 0.973149 -1.049141 0.239986 -0.155002 -0.193862 -0.808131 -0.105244 -0.073660 -0.036009 0.067471 -0.757591 0.556725 0.541546 -0.480016 -0.312670 -0.053700 -0.229297 -0.142572 0.190979 0.366132 0.289545 -0.858859 0.137672 -0.788935 -0.006294 0.930907 -0.544122 -1.153688 -0.198155 -0.682661 0.352225 -0.485649 -0.518279 -0.732372 0.793330
== -0.129113 -0.317362 0.441784 0.132568 -0.212599 0.163802 -0.067109 -0.614521 -0.184912 -1.288525 -0.300081 0.938330 -0.504744 1.219863 -0.056539 0.997988 -0.196394 -0.009993 0.865208 0.128515 0.487209 0.186446 -0.160335 0.030956 0.428652 -0.321624 -0.090296 0.376804 0.178995 -0.213711 -0.339571 -0.620646 0.367420 0.231582 0.174195 0.331103 -0.394450 -0.117972 -0.278231 1.196329
ArraySelector 0.123917 0.137978 0.364246 0.203188 0.097915 -1.232490 0.701988 -0.597063 1.351855 -0.512421 0.771129 1.797243 -1.141203 0.692738 0.596729 0.595812 0.426953 0.383670 0.685750 0.193086 -0.170839 0.078486 0.469878 -0.004951 -0.461363 0.446667 -1.345141 -0.059050 -0.517097 -0.291025 -0.611074 -0.197688 0.590966 -0.553697 -0.163183 0.019885 0.100908 0.123442 0.533431 0.585377
This -1.351944 0.286520 0.129537 -0.627830 0.095963 0.270677 0.320263 -0.964475 0.210248 -0.899083 -0.577296 -0.194952 -0.144544 0.026099 -0.087779 -0.425412 1.554866 1.331079 0.052281 0.537941 0.222618 -0.842455 0.179340 -0.203237 -0.037442 -0.525542 -1.006199 0.251042 -0.241572 -0.623458 -0.140711 -0.591510 -0.006605 -0.212261 0.271491 -0.060604 0.977032 0.385531 0.635662 0.758585
+ -0.031981 0.735105 0.245636 -0.023003 0.506978 -0.926641 0.241195 -1.281886 1.359026 -1.076209 1.161123 1.108208 0.615847 0.577282 -0.934572 -0.636915 -0.187879 0.918651 -0.394758 0.196025 -0.223436 0.587071 -1.115587 0.062488 -0.050299 0.595514 -0.206722 -0.331825 0.892783 0.406660 -0.182892 0.134657 -0.030675 0.678976 0.640503 0.982805 -0.359608 -0.411445 0.776562 -0.015857
- 0.441078 0.267877 1.295164 -0.026297 0.627449 0.287203 0.449917 0.219383 0.000817 -0.508363 -0.653013 0.120393 -0.392963 0.115688 -0.347134 0.539900 -0.400055 -0.008870 0.779097 1.115477 -0.058273 0.022313 -0.702753 -0.520945 -0.146133 0.037177 -0.245507 0.317999 -0.079737 0.577778 0.233413 0.639870 0.374473 0.357006 0.423672 0.525523 -0.211511 0.312326 0.469506 0.274300
FieldDeclaration 0.089782 -0.228435 0.163647 1.002864 0.566824 0.884635 1.057514 2.255674 0.528441 -0.407992 0.082069 -1.568491 0.397085 -1.723669 -0.267114 -1.268864 0.210482 0.896871 1.388198 0.290871 0.266871 0.911065 0.195861 0.502488 1.422684 1.115748 -0.357338 -0.637441 0.621210 0.351051 1.881498 0.765897 -0.068877 1.068547 -0.462506 -1.178942 -0.566755 -0.996622 1.476691 -1.152344
!= 0.058595 -0.172015 0.161147 -0.028343 0.043221 0.331213 0.128970 -0.521793 -0.709759 -0.667389 0.308070 1.004776 -0.338938 0.333002 0.621165 0.784308 0.183752 0.324735 0.521167 -0.489306 0.105702 -0.689242 0.170086 0.088389 0.054575 -0.867234 0.283436 0.969110 0.577741 -0.521330 -0.824632 -0.130650 -0.328682 -0.201583 0.042654 0.889788 -0.014371 0.504560 0.196509 -0.123068
ClassCreator -0.421646 0.397566 -0.053491 0.570677 -0.368952 0.723486 -0.031229 0.186084 0.883467 -1.632734 0.089927 -0.016076 -0.370152 -0.623811 -0.904455 -0.630765 -0.469983 1.243335 -0.722984 -0.096481 -0.742836 0.122313 0.009331 0.244757 1.280571 -0.487245 0.219606 -0.395140 0.294817 -0.301814 0.320625 0.322356 0.113305 -0.188216 -0.082117 0.223727 -0.083630 0.177399 -0.784417 -0.058234
++ -0.757245 0.794020 0.468084 0.778678 -0.433396 -0.685559 -0.233779 -0.726871 0.794320 -0.040615 -0.221919 1.170214 -0.927187 0.380867 0.224484 1.372195 -0.275682 -0.232752 0.328596 0.344469 0.087095 1.025278 -0.222565 0.154614 -0.382190 0.032549 -0.983761 -0.547491 -0.461756 -0.465409 -0.773431 0.682734 0.139083 -0.619245 0.378866 -0.303231 0.235391 0.599807 -0.881213 0.375247
Import -0.520455 0.298196 0.343936 0.230968 1.179369 0.945620 -1.711897 1.368909 -2.029012 0.260509 -0.564520 -3.142375 0.091739 -1.290910 0.605531 -1.215706 -0.986742 -0.706610 0.980543 0.380688 0.649739 0.077573 0.545399 0.722468 1.086171 0.150213 -0.493746 -0.534188 -0.486908 0.239671 1.351438 0.223548 -1.211827 1.762329 -1.454157 -0.793795 -1.130888 -0.335845 -0.673580 -0.516129
< -1.279149 1.271067 0.250481 0.626464 0.375263 -0.150458 -0.314249 -0.784198 0.224217 0.001181 -0.277494 1.295446 0.388542 0.521630 -0.468010 0.664887 -0.043264 0.012566 0.527730 0.884082 -0.418050 -0.290264 0.083125 -0.283504 -0.549647 -0.025984 -0.820887 0.033608 0.398281 0.209945 -0.249087 0.332770 -0.090028 -0.194727 -0.041847 0.511564 0.745737 1.113102 -0.098785 0.707846
SwitchStatementCase -0.021438 -0.638419 0.022645 -0.824819 -1.273674 0.754580 1.404250 -0.675767 0.347301 -0.110372 -1.438619 0.571313 0.194904 0.467277 -1.295211 0.837288 1.567065 0.125161 0.321492 1.254061 -0.444883 0.311385 -0.742418 -0.803998 -0.030360 -0.776966 0.883788 0.491376 -0.214942 -0.366898 -0.129132 0.294277 0.431246 -0.239174 1.893469 -0.621633 1.000576 0.019403 1.243967 -0.133243
BreakStatement -0.314584 -0.236967 0.604989 -0.617326 -0.902245 0.701546 -0.033627 -0.929040 -0.068730 -0.351466 -1.085559 0.004851 -0.439451 1.003605 -0.694490 1.032455 0.999981 -0.098620 -0.378905 1.476090 -0.446983 0.518862 -1.121572 -1.110656 -0.473699 -1.190788 0.781172 0.126043 -0.423792 -0.333906 -0.393518 0.036400 0.186620 0.228926 1.799882 0.050487 0.166986 0.050136 -0.046995 0.173267
&& -0.966610 0.837025 -0.823953 -0.076404 -0.534978 -0.064585 -0.728981 -1.121690 -1.141507 -0.284742 -0.071397 0.484934 -0.121821 0.113319 -0.205315 0.765505 -0.296825 0.998177 0.817900 -0.213515 0.383084 -0.880146 -0.270137 0.185148 0.307907 -0.552296 0.144625 0.975377 0.255325 -0.091252 -1.390207 -0.174046 -0.258364 0.946804 0.250575 1.247971 0.342630 0.409480 -0.241194 -0.032250
ThrowStatement 0.000271 0.064824 -0.190817 -0.032591 -0.766429 0.644323 0.148210 -0.886466 1.643935 -1.581474 -0.071294 0.732816 -0.477919 -0.353197 -1.293233 -0.408783 0.361050 1.652990 -1.161599 -0.079645 -0.700156 -0.448244 -0.442778 0.008635 1.215406 -0.742100 0.282283 -0.940948 0.455114 -0.315363 -0.430052 -0.013629 0.015029 0.516820 -0.144383 0.587324 0.208938 0.528905 -0.387068 0.231103
Cast 0.174820 0.137474 -0.215266 0.493227 -0.138567 -0.703173 -0.168660 -1.154285 0.283777 -0.331952 0.284997 0.386058 0.041503 0.045367 -0.011681 -0.041086 0.066072 -0.831769 -0.122532 -0.274847 0.214832 1.239630 0.211321 1.255927 0.109640 -0.015965 0.070379 0.318356 -0.203617 -0.861767 -0.425629 0.671132 -0.929036 -0.541793 0.582548 -0.241178 0.215886 -0.237964 -0.539571 -1.444929
|| -0.336831 0.428781 -0.179387 0.575951 -0.862270 0.370758 -0.219869 -1.308389 -0.760303 -0.199066 -1.257690 1.735529 0.663101 0.297826 -1.337312 1.568984 -0.243570 0.466878 1.842964 0.313240 1.054312 -0.447947 -0.287150 0.607644 1.067726 0.438282 -0.096435 0.607496 0.413257 0.086374 -0.833951 0.006536 0.457753 1.293593 -0.019629 0.669766 -0.177060 0.147392 0.005086 0.979669
! 0.267717 0.037154 -0.360197 -0.811538 -1.062991 -0.148014 0.134333 -0.501097 -0.425833 -1.105536 -0.975128 0.352298 -1.039223 0.319676 -0.400008 0.384159 -0.683052 0.872236 0.249318 0.094320 0.805793 0.001184 -1.944441 0.741798 0.791217 -0.111551 0.440010 0.468274 -0.658044 0.287567 -1.005500 0.801998 0.738244 0.047853 0.870536 0.356000 0.217537 -0.098453 -0.018490 0.423542
& 0.715697 -0.560724 0.131484 -0.160293 0.310045 -0.043477 -0.629162 -0.928108 0.080294 -0.419248 1.412029 1.972884 -0.403588 1.445906 1.000926 0.146098 -0.427000 -1.076434 0.348370 0.337419 -0.651168 0.244662 0.291972 0.321516 -0.203074 -0.607320 0.742413 0.160794 0.243863 -0.624087 -0.355223 -0.188092 -0.184594 -0.487897 0.041962 0.279875 -1.226764 0.430036 0.135741 -0.368343
ArrayCreator -0.077182 -0.753854 -0.461399 0.289485 0.154395 -0.725939 1.304973 0.668992 1.602370 -0.452082 0.112262 0.289461 0.498408 -0.314835 -0.592285 -0.275536 -0.126493 -0.030550 -0.488330 -1.302248 0.489998 0.660336 0.763376 0.666280 0.652531 0.754751 -0.877747 -0.457027 1.503566 0.261135 0.876309 0.014784 0.015600 -0.761006 -1.274046 -1.309408 1.171648 -0.131458 0.202297 0.896979
> 0.781318 0.244063 0.184389 0.476871 -0.388884 0.249147 0.397949 -0.358169 0.329198 0.933309 0.126288 0.600391 0.044642 0.020858 -0.129482 1.479102 -0.214531 0.674383 0.775200 -0.291563 -0.181943 -0.134887 -0.594882 -0.472677 -0.185219 -0.153366 0.219333 0.326678 0.616065 0.637362 -1.014037 -0.075704 0.005220 0.577214 0.865321 0.976970 0.269510 0.273501 -0.232751 0.615459
WhileStatement 0.120363 0.589428 0.206206 -0.513938 0.046465 -0.207011 -0.036859 -1.075448 -0.765372 0.715817 0.529589 0.405789 -0.470704 -0.221224 0.524539 1.033137 -1.402368 0.149314 0.005609 -0.652305 0.276283 -0.674719 -0.010201 -0.552029 -0.132858 -0.525126 0.182467 0.752532 -0.420734 -0.187890 -1.304280 0.033758 0.406162 -0.469624 0.646098 1.390814 -0.163926 0.696361 -0.911500 0.364908
>= -0.097811 0.989898 -0.907580 0.254670 -0.571989 -0.369150 -0.606684 -0.553024 -0.055314 0.451325 -0.441012 0.837950 -0.141573 0.841098 -0.665699 0.505801 0.413700 0.502828 1.209298 1.181051 -0.373225 -0.173323 -0.925438 0.412292 -0.438527 -0.015881 -0.198564 1.177992 0.013064 1.199766 -1.031778 0.476994 -0.823938 0.728119 0.670680 0.383044 1.326461 0.359556 0.200735 0.319288
ForControl -1.276246 1.062683 -0.235421 0.658201 0.282445 -0.293668 0.128127 1.059582 0.062334 -0.050787 -0.193369 0.682161 0.385217 0.667684 0.405507 0.367291 -0.156010 -0.210852 -0.035449 -0.131763 -0.595764 0.443931 -0.417729 -0.091129 -0.875854 -0.160904 -0.641013 0.228317 0.841835 0.488289 0.012243 0.596189 -0.555672 -1.817522 -0.210470 -0.164859 1.519725 0.974416 -0.243858 0.727196
ForStatement -1.263658 0.806635 -0.121397 0.614874 0.179836 -0.149851 0.083973 0.836767 -0.083285 -0.093810 -0.417438 0.549803 0.627100 0.606783 0.247471 0.479771 0.069887 -0.450609 -0.247081 -0.195184 -0.665915 0.550067 -0.222885 -0.102851 -0.784432 -0.408850 -0.317992 0.325365 1.047738 0.244936 0.086424 0.526654 -0.636714 -1.628151 -0.043402 -0.122006 1.333020 0.930418 -0.418473 0.463255
ArrayInitializer 0.377852 -1.263739 -0.747040 -1.170441 -0.047692 0.095424 0.072240 0.983779 0.048254 -0.394402 1.065896 -0.294479 -0.135381 -0.381507 1.562210 -1.580683 -1.156801 -0.050076 -0.240908 -1.410411 0.450094 0.565572 -0.741556 0.957825 1.891230 -0.005665 0.716443 -1.944692 0.857042 -0.208085 0.359605 0.673951 0.228467 -0.165130 -1.247464 -0.833099 -0.642816 0.539372 0.520902 -0.124756
CatchClause 0.390960 -0.378986 0.499454 -0.067652 0.362675 -1.004039 0.077670 -1.371175 1.642009 -1.011057 0.679898 0.701802 -0.614312 -0.409234 -0.512704 0.075403 -0.695951 -0.411677 -1.362198 -1.239589 -0.179671 0.642254 0.564146 0.223781 0.614272 -0.064427 -0.542018 -1.541577 -0.000501 -0.639307 -0.142058 -0.027205 -0.304994 0.360769 -1.057729 -0.206543 -0.835142 -0.238273 -0.949517 0.023115
CatchClauseParameter 0.401347 -0.543755 0.463594 -0.101102 -0.090752 -0.637482 0.211151 -1.293555 1.818602 -0.997328 0.536214 0.830350 -0.455950 -0.225845 -1.034013 0.002772 -0.406337 -0.131109 -1.622586 -1.305174 -0.532924 0.537066 0.538920 -0.177838 0.788486 -0.184027 -0.480008 -1.342305 0.087375 -0.527538 0.185097 -0.229002 -0.592164 0.351629 -1.238046 0.118379 -0.610826 -0.161399 -1.038616 0.169769
ConstructorDeclaration -0.032341 0.513036 0.326233 0.647582 0.898256 0.013459 0.520862 1.117967 -0.928400 -0.929449 -0.522106 -1.620153 -0.112400 -2.030635 -0.792794 -0.649607 -0.076571 -0.011294 -0.024780 -0.066121 -0.385242 -1.066647 1.585153 0.110730 0.395310 0.316693 -0.530002 0.261623 -1.699411 -0.372705 0.656035 0.207563 0.039790 0.305967 -1.162335 0.026538 -0.660232 -0.813815 0.032149 -1.342290
VariableDeclaration -1.536075 0.670313 0.001181 0.317090 0.259515 -0.122398 -0.056431 0.557253 -0.068524 0.335644 -0.135961 0.607291 0.399236 0.824728 0.371818 0.522911 -0.238049 -0.275670 0.218598 0.026387 0.058545 1.044719 -0.737374 -0.247451 -0.584678 -0.002887 -0.807070 0.347119 1.115215 0.438617 0.439473 0.633310 -0.762150 -1.670761 0.341628 -0.578526 1.443812 0.903470 -0.178341 1.396170
PackageDeclaration -0.054409 0.563360 0.892582 0.583783 1.096352 1.393000 -1.347615 2.353605 -1.851467 0.626583 -0.419408 -2.710199 0.397460 -1.240451 0.947931 -1.262840 -0.298462 -0.116575 -0.020726 -0.304704 0.087674 -0.445068 0.302914 -0.204106 0.133051 0.302187 -0.448786 -0.457251 -0.395850 0.397047 1.694994 -0.339834 -1.191621 0.462298 -1.283809 -0.012527 -1.028464 -0.433019 -0.599362 -0.074555
+= -0.702183 0.550622 -0.146019 0.052896 -0.241014 -1.367951 -0.525711 -0.146326 0.266640 0.112279 -0.163841 0.156563 0.225695 0.236727 0.124267 0.139814 -0.057248 -0.254605 -0.916620 -0.022363 1.031187 0.723375 -0.998781 0.556122 -0.805094 0.828683 0.108527 -0.439121 0.485920 -0.251250 -0.439147 0.476458 1.151010 -0.071769 0.591319 -0.151197 0.000210 -0.235244 -0.144356 -0.368503
TryStatement -0.289500 0.040126 0.560883 0.750286 -0.053131 -0.479806 -0.018790 -0.560155 0.426325 -0.376858 0.329479 0.018836 -0.258453 -0.389513 -0.227364 0.803092 -0.629077 -0.599715 -1.386735 -1.586633 0.350134 1.046468 0.317370 0.076606 -0.120738 -0.270858 -0.417229 -0.494543 0.227735 -0.529992 -0.180218 0.148404 -0.773336 -0.207620 -0.528329 0.095510 -0.453446 -0.377887 -1.539735 -0.284889
ClassDeclaration -0.323008 0.438576 0.496439 0.628438 0.721682 0.930900 -0.736328 1.041496 -0.670701 -0.363660 -0.192890 -1.844152 0.315263 -1.453303 0.330621 -1.201514 0.428519 0.334788 0.341559 0.043420 0.056131 -0.350226 0.481310 0.338657 0.690297 0.080626 -0.551437 -0.825253 -0.329136 -0.237887 1.137268 0.146014 -0.997012 1.221817 -1.157449 -0.245388 -0.640098 -0.239549 0.160972 -0.867274
TernaryExpression 0.695887 -0.314040 -0.057720 -0.575141 0.303586 0.584167 0.530641 -1.314217 -0.657604 -0.591814 -0.302586 0.947494 0.887738 1.023554 -0.203567 -0.545405 0.070200 -1.132223 0.443024 0.561239 -0.382643 -1.101861 0.967143 -0.040815 0.210642 -0.475297 1.075762 1.038751 -0.716136 -0.890978 -0.361032 -0.708921 0.383446 -1.311002 0.347606 1.008708 -0.019235 0.246105 0.498214 -0.349194
* 0.403827 0.241196 0.118488 -0.099693 0.827281 -1.491924 1.017020 -1.468236 1.829240 0.842811 0.017717 0.912954 1.200800 0.520175 -1.042780 0.696198 0.201520 -0.793877 -0.661527 -0.565934 -0.273370 -0.273464 0.564664 -0.752648 -1.298776 0.701418 -0.789457 -0.657916 0.711627 0.738648 -0.453259 -0.427103 0.033998 0.318383 -0.633772 0.308077 1.018785 0.089547 0.190810 0.958840
>> 1.238830 0.075563 0.288815 0.075487 0.965806 -0.421561 -0.777625 -1.011346 0.304663 0.316711 0.863295 1.151046 -0.299576 0.643822 0.004762 -0.173409 -0.756496 -1.297323 1.411082 1.310610 -0.598381 0.347151 0.705063 0.516746 -0.357434 0.312776 -0.184000 0.841852 -0.286865 0.366604 0.364585 0.622783 -0.756470 0.308406 0.007426 -0.150213 -0.464757 0.276486 0.358111 -0.681081
<= -1.949185 1.360934 -0.949769 -0.132029 -0.442917 -0.427076 -1.048905 -0.567583 -0.708049 0.591806 -0.062444 0.022359 0.397324 0.683389 -0.287746 -0.446946 0.258362 0.562400 0.247532 1.719844 -0.140938 -0.469394 -0.571387 -0.301297 -0.285015 0.717301 -0.522584 -0.167400 -0.653364 0.543337 -0.647955 -0.256344 0.810896 -0.119229 0.806050 0.387973 0.495710 0.388837 0.166731 1.029371
<< 0.007204 -0.092744 0.233541 0.289624 0.916423 -0.756894 -0.342717 0.494884 0.187353 -0.037486 2.381343 0.479795 -0.120735 0.723095 0.955072 -1.259861 0.278671 -0.728744 0.862494 1.398962 -0.863075 0.964641 -0.361772 0.160197 -0.271201 0.552812 0.072650 -1.038519 0.211947 0.475959 0.308270 0.138499 -0.420603 1.184904 0.055436 0.323988 -1.818641 -0.257983 1.585519 -1.280071
-- 0.472555 0.146748 0.204760 0.294374 -0.470073 0.060266 0.573479 0.981674 0.486006 0.728439 0.129279 -0.612810 -1.408055 -0.015459 0.598693 1.025538 0.185799 1.194970 0.584524 -0.008161 -0.264620 0.219073 -0.359402 -1.013571 -0.735051 -0.306767 -0.657955 0.999707 -0.578005 0.771177 -0.444494 -0.215621 -0.150074 -0.360930 0.925421 0.039722 0.936566 -0.232825 -0.210510 0.837883
SuperConstructorInvocation 0.262486 0.115834 0.294336 0.245589 0.377518 0.624009 -0.086600 0.681704 -0.906580 -0.843437 -1.378405 -1.400073 0.173181 -1.224783 -0.301135 -0.679447 0.849247 -0.172278 -0.364973 0.088594 0.015311 -1.670830 1.503522 0.073767 -0.023141 0.052033 -0.199776 0.335850 -1.365636 -0.727635 0.778249 -0.420315 0.382776 0.010920 -1.146659 -0.179028 -0.413380 -0.732144 -0.076928 -0.932737
SwitchStatement 0.156303 -0.596598 0.676729 -1.118579 -0.156539 0.964626 0.946732 -0.584721 -0.051403 0.455130 -0.983779 -0.039473 -0.214091 0.095211 -0.735493 0.535189 -0.023438 -0.190186 0.253479 0.479293 -0.527741 -0.287981 0.188824 -1.542455 -0.006130 -0.576968 -0.265858 0.290768 -0.999367 -0.095387 0.496742 -0.087407 0.288431 -0.713880 0.557824 -0.411576 0.550971 0.529170 0.222342 1.010747
ContinueStatement -0.520800 -0.722951 -0.355369 -0.591097 -0.685264 -1.006975 0.054092 -0.836171 -0.565466 0.822232 0.175853 0.663252 -0.571545 0.697849 0.764187 1.058649 -0.032584 -0.652986 0.947475 0.507324 1.171427 1.207748 -1.094742 0.518768 -0.362393 0.242291 -0.005032 0.068813 -0.389600 -0.046878 -0.855292 0.419055 0.836791 -0.145455 1.260511 -1.133651 -0.079547 -0.015905 0.455863 0.463704
instanceof 0.014322 -0.910064 -0.458619 -0.185824 -0.542042 1.133582 -0.081744 -1.002473 -1.208012 0.533795 -0.405714 0.057352 1.333180 0.078837 -0.184675 0.941934 -0.069705 -1.306377 -0.410468 -0.649360 0.790169 -0.106035 0.551987 -0.378029 0.252345 -1.174678 2.379666 0.625333 1.692246 -1.202732 -0.275218 -0.615728 -0.237866 0.536002 0.691047 0.493611 -0.817763 -0.115677 -0.288975 -1.317012
InterfaceDeclaration 0.124259 -1.171089 0.176547 -0.651322 -0.060966 1.490515 -1.163481 2.108692 -1.066713 1.190144 -0.479527 -2.621477 0.055957 0.424169 0.686318 -1.337864 1.322991 -0.552762 -1.017688 0.557263 -0.473398 -0.047134 0.141967 -0.697128 -0.770180 -0.323580 -0.079583 0.185930 -0.181730 0.871898 2.002673 -1.182617 -1.137150 -0.055448 -0.626871 -1.340523 -0.046315 -0.841178 -0.289050 1.007604
-= 1.110807 -0.216879 -0.120909 0.338673 -0.571964 -0.201441 0.708266 1.304124 0.660894 0.794384 -0.104683 0.290665 0.222993 0.676914 0.064498 1.059347 -0.504262 0.021440 -0.159416 0.286016 0.392455 -0.067987 -0.840063 -0.665219 -1.059582 0.715839 1.313982 0.064712 0.930933 0.847305 -0.341724 0.014806 2.526994 0.127725 1.000318 0.257778 -0.244461 -0.529790 0.228285 0.311833
| 2.109138 0.175340 -0.871838 1.111766 -0.152885 -0.420909 -0.330386 0.489706 1.190510 0.512019 1.311618 0.126101 -0.097854 0.384030 1.210962 -0.571942 0.453843 -0.376874 0.148051 0.038749 -1.020469 -1.015336 0.221170 0.927773 -0.598072 0.115532 1.510227 -1.460777 -0.232757 0.051843 -1.437418 -0.204540 -0.214616 1.254705 -0.736274 0.899292 -0.720600 -0.252241 0.104126 -1.915404
SuperMethodInvocation 2.686970 -0.758955 0.247882 -0.106926 -0.632426 1.353398 0.169806 0.051760 -0.380697 1.089388 0.189144 -0.813861 0.070407 -0.387327 0.606996 -0.590373 -0.219040 0.856410 0.024266 -1.291555 0.542273 -0.156099 0.120101 0.362371 0.825158 0.363641 0.782819 1.379534 -1.041412 -0.206936 -0.060868 -0.760595 -0.009663 -0.977871 0.912750 0.526162 -0.058895 -0.674566 -0.852395 -0.072350
ClassReference -0.052187 -0.815825 -1.217420 -1.482979 -0.259732 -0.568192 0.700922 1.210503 -1.368102 -0.449887 -0.396367 -2.076961 0.484430 -0.657845 -0.554589 -0.699563 -1.383499 0.362323 -1.675692 -2.094043 1.091995 -0.519187 -0.491195 0.031241 0.696743 0.122607 1.511321 0.235520 0.392935 0.278867 -0.116142 -0.457973 1.099336 -0.111995 -0.208536 -0.102474 0.109854 -1.249888 -0.318713 -0.189156
ConstantDeclaration 0.302927 -0.335680 0.042898 0.019377 0.900100 -0.244451 0.204889 1.748841 -0.053545 1.454153 0.600101 -1.318963 -0.053250 0.000837 1.352180 -0.565042 0.273496 -0.794462 0.941974 1.235345 0.040872 0.333728 -0.263611 -0.345406 -0.939884 0.733980 0.063652 -0.874931 -0.460638 0.850591 0.627497 0.111856 0.497798 0.591622 0.064452 -1.013439 -0.378669 -0.182207 1.146873 -0.323803
SynchronizedStatement -0.103028 -0.675671 -0.691052 -1.240490 0.126126 0.400105 0.155729 0.609278 -1.254386 0.365919 0.079824 -1.042471 -0.108709 -0.387008 0.699557 -0.095488 -0.767658 0.190822 -0.633844 -1.345766 0.584263 -1.284410 0.555020 -0.381002 0.162650 -0.451724 0.461329 1.006765 0.104507 -0.069159 -0.007887 -0.956690 0.914578 -0.799420 -0.355893 0.097770 0.260461 0.128888 -0.312793 0.776323
% -1.264809 0.099826 -0.620026 -0.236333 0.558080 -0.900536 -0.983649 -1.028203 0.057868 0.919100 1.635065 0.711837 0.637786 0.169181 0.447851 -1.179459 0.334905 0.452375 0.271861 0.920246 0.693133 -0.006288 0.570999 0.400227 -0.270981 1.113168 -0.740729 -0.033529 0.559236 -0.082392 0.237523 -0.568608 0.534314 0.831028 -0.156649 -0.157415 -0.367269 0.148468 1.063255 0.013332
DoStatement 0.083411 -0.526142 -0.354654 -0.054624 0.111352 0.459245 0.262536 0.245483 -0.554856 1.700085 0.518492 -0.469683 0.724887 -0.440623 -0.214843 0.741170 -0.739365 0.197362 1.258245 -0.485689 0.283833 -0.385742 -0.191902 -0.572872 0.289872 0.074450 0.586538 -0.188566 0.848414 0.862856 -0.014084 -0.449474 -0.080618 1.949785 0.005718 0.075392 -0.650442 -0.087740 0.138326 0.326043
ExplicitConstructorInvocation -0.646060 -0.196316 -0.793153 0.236282 0.330478 -1.032966 1.830130 2.096570 -0.788710 -1.245185 0.377776 -0.438718 -0.487347 -1.481690 -0.498736 -0.425880 -0.243125 0.051205 -0.350485 -0.911329 -0.848954 -0.189712 1.360021 0.338269 0.204481 0.074202 -0.270399 1.058882 -0.800359 -0.055750 0.486517 0.619632 -0.058572 -1.530497 -0.801654 -0.571570 0.441349 -0.582292 0.585580 -1.587750
|= 0.085700 -0.296312 -0.885798 0.408776 -0.214743 -0.567915 -0.061375 0.421934 1.162240 1.340771 0.433964 -0.623257 -0.344118 0.173889 1.015914 -0.172858 1.098348 -0.535357 -0.128704 0.772707 -0.092464 -0.084856 0.708451 0.043604 -1.638028 0.135742 0.125752 -0.383079 -0.550284 -0.314051 -0.293464 -0.239458 0.631722 -0.656250 0.427252 -1.404950 1.065037 -0.036318 0.051956 -0.416030
Statement 0.927887 -1.537364 0.599397 -0.467712 -1.816862 1.033669 0.448021 0.696087 -0.105511 -0.267381 -0.959138 -0.520619 -0.717590 0.554929 -0.383166 0.799471 1.944971 0.167734 -1.358155 0.872070 -0.474106 -0.202012 -0.660286 -1.001681 -0.285607 -0.967412 1.425507 -0.365863 -0.832406 -0.120842 0.052888 -0.521371 1.029491 0.467567 1.356668 0.041184 -0.950310 -0.950166 0.325702 -0.639258
/ 0.058072 0.208042 -0.400578 0.066472 0.582237 -0.381218 -0.469437 0.345833 0.498840 1.824383 1.597278 0.345303 0.348952 -0.025826 1.406360 -0.270327 -0.263213 0.645037 0.589880 0.050036 0.082674 -0.617779 -0.067496 -0.244585 -0.809394 0.512932 -0.150826 -0.967055 0.946536 0.538737 -0.214269 -0.446680 0.421794 0.749882 -0.430979 0.379740 -0.260598 0.881983 0.581695 0.229318
&= -0.023267 -0.043132 -1.266083 0.110169 -0.082821 -1.087735 -0.424533 -0.082777 0.338907 1.684601 0.539910 -0.705514 0.095358 0.275326 1.181787 -0.252718 0.868888 -0.745085 -0.415727 0.023369 0.434083 -0.289434 0.920915 0.252886 -1.762497 0.222693 0.334796 0.020009 -0.167686 -0.381740 -0.808336 -0.375023 0.463359 -0.353360 0.316951 -0.849789 1.189986 0.054111 -0.178278 -0.643406
~ 0.441083 -0.213657 -1.105900 -0.380403 0.648614 -0.117319 -0.870289 0.242048 -0.033948 1.783472 0.458490 -0.910424 0.473600 0.768947 1.416751 -0.968239 0.879894 -1.105170 0.012099 0.468346 -0.025704 -0.718295 0.756036 0.156032 -1.333918 0.141348 0.438347 -0.314575 -0.388068 -0.080961 -0.146719 -0.860673 -0.034309 -0.282871 -0.322135 -0.996648 0.355643 0.029053 0.295785 -0.217514
^ 1.077364 -0.282045 -0.375494 0.414081 -0.073275 -0.363472 -0.848200 -0.909367 0.098981 0.993533 0.879628 0.515652 0.817791 1.124075 0.144431 -0.847605 0.973674 -1.474428 0.711171 0.853137 -0.344689 0.255633 0.521201 0.826951 -0.508518 0.352626 0.397958 -0.000753 -0.047500 0.196458 -0.135482 -0.212647 -1.073958 0.917966 0.153437 0.410101 -0.397619 -0.084871 0.544373 -1.009406
*= -2.084900 0.907536 -0.739817 0.925378 -0.148852 -0.364971 -0.554607 0.273481 0.739017 0.052860 0.084575 0.238074 0.752628 -0.300809 -0.911889 0.072022 0.517557 0.527454 -1.590114 0.086431 -0.656467 -0.980221 0.673423 -0.687991 -1.188689 -0.373208 -0.065193 -0.561788 1.188100 -0.043121 0.179973 -0.251944 0.510097 0.193071 -0.710604 0.092747 0.575353 0.485368 -0.533697 -0.184929
/= 0.001267 -0.038225 -0.317933 0.065822 -0.381454 -0.253271 -0.412969 -0.232814 0.381074 0.678345 -0.251526 -0.608569 0.034142 -0.144306 0.286027 -0.074415 0.429456 -0.815091 -1.348661 -0.278919 0.311381 0.667145 0.296160 0.237395 -0.771349 -0.323885 0.381005 -0.208628 -0.365715 -0.705689 -0.036168 0.276212 0.115068 -0.977195 0.669960 -0.869459 0.511863 -0.085149 -0.926465 -0.757015
SuperMemberReference -0.572152 -0.334466 -0.068713 -0.424374 0.047231 1.108141 0.270753 -0.880804 0.071658 -1.069194 -0.196357 -0.728092 -0.522775 0.142933 -0.425000 0.262057 0.326768 0.871146 -0.292775 0.592230 -0.768495 -0.892776 -0.588144 -0.834413 0.291150 -1.835163 0.879704 -0.316742 0.506901 0.247902 -1.141528 -0.170866 -0.406528 0.852568 0.595882 0.985538 0.650791 1.275177 -0.004345 0.749970
%= 0.001458 -0.123101 -0.160686 0.219948 -0.187106 -0.201843 -0.489771 -0.450694 0.553658 0.557027 0.022203 -0.413581 -0.073236 -0.077157 0.271080 -0.106534 0.356673 -0.549810 -1.091818 -0.234876 0.326574 0.708709 0.400005 0.332520 -0.615543 -0.168947 0.065567 -0.037643 -0.131107 -0.621093 0.195808 -0.036551 -0.040962 -0.766311 0.438256 -0.817450 0.461298 -0.038718 -0.964735 -0.380444
<unk> -0.011753 0.024292 -0.001862 0.003113 -0.013441 -0.017509 -0.003285 -0.057020 0.017766 -0.001638 -0.001153 0.067628 -0.007622 0.035943 -0.009616 0.048394 0.000173 -0.000950 0.018263 0.020667 -0.001726 0.007411 -0.013791 0.000946 -0.017722 -0.016231 -0.013944 0.019563 0.008712 -0.009143 -0.040458 0.010335 0.002907 -0.013904 0.035744 0.020562 0.013793 0.019406 -0.015038 0.014916
